 -6.077340367482975D-05 -3.009328247571829D-05 4.851911853620549D-06 -2.684259321540594D-03  1.282648090273141D-02
 -6.214775203261524D-05 -3.132118217763490D-05 8.401230843446683D-06 -4.176238086074590D-03  1.335206534713506D-02
 -5.529043846763670D-05 -2.730170854192692D-05 3.705132940012845D-06  2.657587465364485D-04  1.123890280723571D-02
 -5.423010225058533D-05 -2.690152359718922D-05 4.722905941889621D-06  4.733993555419147D-04  1.094712968915700D-02
 -5.334062007023021D-05 -2.647465589689090D-05 4.755088411911856D-06  1.388423028402030D-03  1.060978136956691D-02
 -5.258136661723256D-05 -2.617923928482923D-05 5.270664132694946D-06  1.920653972774744D-03  1.033128984272480D-02
 -5.199034058023244D-05 -2.604955443530343D-05 6.222567662916844D-06  2.089481335133314D-03  1.015397068113088D-02
 -5.162054003449156D-05 -2.603724897198844D-05 7.086252026056172D-06  2.240415895357728D-03  1.004421617835760D-02
 -5.171889279154129D-05 -2.633548501762561D-05 8.221581083489581D-06  2.269015880301594D-03  1.010975614190101D-02
 -5.182181848795153D-05 -2.673726703505963D-05 9.587453860149253D-06  2.116384916007518D-03  1.023401133716106D-02
 -5.226489884080365D-05 -2.772782499960158D-05 1.206817614729516D-05  1.088266726583242D-03  1.071925275027751D-02
 -4.068568887305445D-05 -2.299850893905386D-05 7.539211310358950D-06  2.430732594802975D-03  8.428963832557201D-03
 -4.084609463461674D-05 -2.365567343076691D-05 9.143265742750372D-06  1.814155722968280D-03  8.755354210734367D-03
 -3.406752875889651D-05 -2.093213697662577D-05 6.825904620200162D-06  2.443424193188548D-03  7.472269237041473D-03
 -3.355958324391394D-05 -2.098092591040767D-05 7.567465672764228D-06  2.357408637180924D-03  7.378464564681053D-03
 -3.308136729174293D-05 -2.108723856508731D-05 8.288641765830107D-06  2.279550768435001D-03  7.308232598006725D-03
 -3.269118678872473D-05 -2.130477878381498D-05 9.030843102664221D-06  2.227053279057145D-03  7.284171413630247D-03
 -3.232768358429893D-05 -2.138056333933491D-05 9.471052180742844D-06  2.335202414542436D-03  7.172088604420423D-03
 -3.769544036913430D-07  5.213531949266325D-06 3.036938323930371D-06 -1.309770275838673D-03 -4.567536059767007D-03
  3.106743804437428D-07  5.258976671029813D-06 3.944012860301882D-06 -1.704570371657609D-03 -4.586969036608934D-03
 -2.159462475503914D-08  5.296890321915270D-06 2.934321628345060D-06 -1.252635032869875D-03 -4.603860899806022D-03
 -2.249848130020382D-08  5.316628175933146D-06 2.938454372269916D-06 -1.245374092832207D-03 -4.612906370311975D-03
 -1.875937698514462D-07  5.382762537919916D-06 2.167340653613791D-06 -9.005396859720349D-04 -4.641986452043056D-03
 -2.531679399453423D-07  5.450224307423923D-06 1.777606257746811D-06 -7.224114378914237D-04 -4.671597387641668D-03
 -2.033357304753735D-07  5.473571491165785D-06 2.163470753657747D-06 -8.776842732913792D-04 -4.682510159909725D-03
 -2.275628645520555D-07  5.486811460286844D-06 2.031285930570447D-06 -8.146020118147134D-04 -4.688984714448451D-03
 -2.933105918145883D-07  5.602359124168287D-06 1.626309881430643D-06 -6.296337815001606D-04 -4.738918039947748D-03
 -1.951799362132078D-07  5.548074568650918D-06 2.281855586261372D-06 -9.032685193233191D-04 -4.717167932540178D-03
 -1.557730797685508D-07  5.668020548910135D-06 1.986033339562709D-06 -7.805757340975105D-04 -4.767207428812980D-03
 -1.626671348731178D-07  5.625612175208516D-06 2.475829433024045D-06 -9.678160422481596D-04 -4.752129316329956D-03
 -1.526413626606881D-07  5.730169959861086D-06 2.164058969356119D-06 -8.373869350180029D-04 -4.795671440660953D-03
 -2.475655094258399D-07  5.628206508845323D-06 2.591487145764403D-06 -9.823220316320657D-04 -4.759370349347591D-03
 -2.895388604429172D-07  5.730966222472488D-06 2.432386281725484D-06 -8.973327348940074D-04 -4.804879892617464D-03
 -2.351053325355678D-07  5.706898718926822D-06 2.696277988434303D-06 -1.000696793198585D-03 -4.797415342181921D-03
 -2.359388133754691D-07  5.757787221227772D-06 2.700545110201346D-06 -9.890293003991246D-04 -4.821478854864835D-03
 -2.427759397960471D-07  5.819504167448030D-06 2.727268338276189D-06 -9.843894513323903D-04 -4.850162193179130D-03
  1  11.47  445.55  17.36  461.71   8.66   5.50  13.92  30.80
  2  19.53  442.53  25.42  458.69   8.66   5.50  13.92  30.37
  3  27.66  440.50  33.54  456.66   8.66   5.50  13.92  30.08
  4  35.72  438.40  41.61  454.56   8.66   5.50  13.92  29.77
  5  43.72  436.30  49.60  452.46   8.66   5.50  13.92  29.43
  6  51.62  434.12  57.51  450.29   8.66   5.50  13.92  29.08
  7  59.45  431.39  65.34  447.55   8.66   5.50  13.92  28.69
  8  66.60  429.25  72.76  445.13   8.66   5.50  13.92  28.34
  9  73.87  428.11  80.32  444.06   8.66   5.50  13.92  27.96
 10  81.21  426.48  87.93  442.32   8.66   5.50  13.92  27.52
 11  86.07  424.10  95.28  442.97   9.50   5.50  14.63  27.19
 12  93.66  422.41 103.20  441.12   9.50   5.50  14.63  26.63
 13  99.94  420.58 113.55  446.19  11.10   5.50  18.11  25.99
 14 108.11  418.39 122.17  443.75  11.10   5.50  18.11  25.26
 15 116.47  417.05 130.72  441.72  11.10   5.50  18.11  24.47
 16 124.17  415.31 139.10  440.17  11.10   5.50  18.11  23.63
 17 132.72  413.64 147.66  438.50  11.10   5.50  18.11  22.68
 18 140.09  412.27 155.46  436.86  11.10   5.50  18.11  21.74
        2.395       448.854        8.570       493.141
       10.457       445.835       18.210       490.035
       18.579       443.800       27.950       487.844
       26.646       441.706       37.490       485.590
       34.641       439.602       46.820       483.264
       42.545       437.427       56.160       480.788
       50.375       434.692       65.250       478.748
       57.583       432.714       73.410       477.093
       64.916       431.729       81.850       476.331
       72.313       430.258       90.310       475.576
       76.656       428.690       97.890       475.166
       84.331       427.161      105.860       474.623
       89.271       426.255       99.790       477.270
       97.541       424.246      109.770       478.423
      105.755       422.641      118.700       475.399
      113.812       421.529      126.870       472.409
      122.365       419.859      134.470       469.691
      129.850       418.670      142.200       466.460
       27.021       427.800       20.550       442.246
       34.117       425.400       28.612       439.227
       41.189       423.000       36.734       437.192
       48.156       420.400       44.801       435.098
       55.087       417.800       52.796       432.994
       61.858       414.670       60.700       430.819
       68.609       410.600       68.530       428.084
       75.332       409.680       75.619       425.790
       82.021       406.810       82.829       424.492
       88.586       404.000       90.097       422.709
       95.375       399.000       95.486       419.506
      102.018       397.900      102.998       417.650
      108.881       394.400      110.603       414.913
      116.020       390.500      118.672       412.533
      123.124       385.800      126.678       410.561
      129.805       380.370      134.521       409.086
      136.186       375.170      143.074       407.416
      142.191       370.700      150.339       405.867
  8.00  6.75   12.734   7.144  -0.07  1.30  -3.01  43.36  7.76   9.93  21.08
  8.00  6.75   12.734   7.144  -0.07  1.30  -3.01  43.36  7.76   9.93  21.08
  8.00  6.75   12.734   7.144  -0.07  1.30  -3.01  43.36  7.76   9.93  21.08
  8.00  6.75   12.734   7.144  -0.07  1.30  -3.01  43.36  7.76   9.93  21.08
  8.00  6.75   12.734   7.144  -0.07  1.30  -3.01  43.36  7.76   9.93  21.08
  8.00  6.75   12.734   7.144  -0.07  1.30  -3.01  43.36  7.76   9.93  21.08
  8.00  8.00   12.734   7.144  -0.07  1.30  -3.01  43.36  7.76   9.93  21.08
  8.00  8.00   12.734   7.144  -0.07  1.30  -3.01  43.36  7.76   9.93  21.08
  8.00  8.00   12.734   7.144  -0.07  1.30  -3.01  43.36  7.76   9.93  21.08
  9.25  8.00   12.734   7.144  -0.07  1.30  -3.01  43.36  7.76   9.93  21.08
  9.25  8.00   15.661   7.588  -0.13  1.83  -5.17  49.82  8.46  11.46  24.13
  9.25  9.25   15.661   7.588  -0.13  1.83  -5.17  49.82  8.46  11.46  24.13
  9.25  9.25   21.156   8.698  -0.07  2.58  -5.91  58.15  9.85  12.65  27.94
 11.00  9.25   21.156   8.698  -0.07  2.58  -5.91  58.15  9.85  12.65  27.94
 11.00  9.25   21.156   8.698  -0.07  2.58  -5.91  58.15  9.85  12.65  27.94
 11.00  9.25   21.156   8.698  -0.07  2.58  -5.91  58.15  9.85  12.65  27.94
 11.00  9.25   21.156   8.698  -0.07  2.58  -5.91  58.15  9.85  12.65  27.94
 11.00  9.25   21.156   8.698  -0.07  2.58  -5.91  58.15  9.85  12.65  27.94
       1    6.86    7.72    31.097   438.788    30.312   428.659
       2    8.57    9.44    38.378   436.249    37.419   426.134
       3   10.30   11.17    45.571   433.675    44.442   423.578
       4   12.04   12.93    52.752   431.040    51.451   420.964
       5   13.81   14.69    59.787   428.388    58.315   418.336
       6   15.57   16.47    66.748   425.699    65.107   415.672
       7   17.37   18.29    73.694   422.911    71.882   412.914
       8   19.21   20.15    80.608   420.050    78.627   410.086
       9   21.09   22.03    87.415   417.196    85.264   407.265
      10   22.99   24.00    94.312   414.107    91.989   404.216
      11   25.03   26.04   101.225   410.949    98.728   401.101
      12   27.07   28.18   108.212   407.647   105.539   397.844
      13   29.27   30.48   115.411   404.106   112.555   394.355
      14   31.68   32.94   122.748   400.333   119.705   390.640
      15   34.19   35.44   129.816   396.531   126.591   386.896
      16   36.70   37.97   136.567   392.720   133.166   383.147
      17   39.24   40.51   142.921   388.906   139.353   379.394
      18   41.79   43.11   149.021   385.131   145.296   375.679
      19   44.45
