  Mirror * 1 * begins
 xhyp  0.  0.2757245  0.551449001  0.827173471  1.102898  1.37862253
  1.65434694  1.93007147  2.205796  2.48152041  2.75724506  3.03296947
  3.30869389  3.58441854  3.86014295  4.1358676  4.41159201  4.68731642
  4.96304083  5.23876572  5.51449013  5.79021454  6.06593895  6.34166336
  6.61738777  6.89311266  7.16883707  7.44456148  7.72028589  7.9960103
  8.27173519  8.5474596  8.82318401  9.09890842  9.37463284  9.65035725
  9.92608166  10.2018061  10.4775314  10.7532558  11.0289803  11.3047047
  11.5804291  11.8561535  12.1318779  12.4076023  12.6833267  12.9590511
  13.2347755  13.5105009  13.7862253  14.0619497  14.3376741  14.6133986
  14.889123  15.1648474  15.4405718  15.7162962  15.9920206  16.267746
  16.5434704  16.8191948  17.0949192  17.3706436  17.646368  17.9220924
  18.1978168  18.4735413  18.7492657  19.0249901  19.3007145  19.5764389
  19.8521633  20.1278877  20.4036121  20.6793385  20.9550629  21.2307873
  21.5065117  21.7822361  22.0579605  22.3336849  22.6094093  22.8851337
  23.1608582  23.4365826  23.712307  23.9880314  24.2637558  24.5394802
  24.8152046  25.090929  25.3666534  25.6423779  25.9181023  26.1938267
  26.4695511  26.7452774  27.0210018
 yhyp  622.099609  622.063477  622.026733  621.989441  621.951599  621.913147
  621.874084  621.834473  621.794189  621.753296  621.711792  621.669556
  621.626648  621.583069  621.538818  621.493774  621.448059  621.40155
  621.354248  621.306213  621.257385  621.207703  621.157288  621.105957
  621.053772  621.000793  620.946899  620.89209  620.836426  620.779785
  620.72229  620.663818  620.60437  620.544006  620.482666  620.420349
  620.357056  620.292725  620.227417  620.161133  620.093811  620.025513
  619.956116  619.885742  619.814331  619.741882  619.668457  619.593933
  619.518433  619.441895  619.364319  619.285706  619.206055  619.125427
  619.043823  618.961182  618.877563  618.792969  618.707336  618.620789
  618.533264  618.444824  618.355408  618.265076  618.173889  618.081726
  617.988708  617.894775  617.799988  617.704407  617.60791  617.510681
  617.412537  617.31366  617.21405  617.113586  617.012451  616.910522
  616.807861  616.704529  616.600525  616.495789  616.390442  616.284363
  616.177734  616.070435  615.962585  615.854065  615.744995  615.635376
  615.525208  615.414429  615.303162  615.191406  615.079102  614.96637
  614.853088  614.73938  614.625183
 xell  0.  0.0874489769  0.174897954  0.262346923  0.349795908  0.437244892
  0.524693847  0.612142861  0.699591815  0.78704077  0.874489784  0.961938739
  1.04938769  1.13683665  1.22428572  1.31173468  1.39918363  1.48663259
  1.57408154  1.66153061  1.74897957  1.83642852  1.92387748  2.01132655
  2.09877539  2.18622446  2.2736733  2.36112237  2.44857144  2.53602028
  2.62346935  2.71091819  2.79836726  2.88581634  2.97326517  3.06071424
  3.14816308  3.23561215  3.32306123  3.41051006  3.49795914  3.58540797
  3.67285705  3.76030612  3.84775496  3.93520403  4.0226531  4.1101017
  4.19755077  4.28499985  4.37244892  4.45989799  4.54734659  4.63479567
  4.72224474  4.80969381  4.89714289  4.98459148  5.07204056  5.15948963
  5.24693871  5.33438778  5.42183638  5.50928545  5.59673452  5.6841836
  5.77163267  5.85908127  5.94653034  6.03397942  6.12142849  6.20887756
  6.29632616  6.38377523  6.47122431  6.55867338  6.64612246  6.73357105
  6.82102013  6.9084692  6.99591827  7.08336735  7.17081594  7.25826502
  7.34571409  7.43316317  7.52061224  7.60806084  7.69550991  7.78295898
  7.87040806  7.95785713  8.04530621  8.13275528  8.2202034  8.30765247
  8.39510155  8.48255062  8.56999969
 yell  682.686768  682.685242  682.683655  682.682007  682.680359  682.678589
  682.676758  682.674927  682.673035  682.671021  682.669006  682.666931
  682.664795  682.662598  682.660339  682.658081  682.655701  682.65332
  682.650818  682.648315  682.645752  682.643127  682.640442  682.637695
  682.634888  682.632019  682.629089  682.62616  682.623108  682.620056
  682.616943  682.613708  682.610474  682.607178  682.603821  682.600464
  682.596985  682.593445  682.589905  682.586243  682.582581  682.578857
  682.575073  682.571228  682.567322  682.563354  682.559326  682.555237
  682.551147  682.546936  682.542725  682.538391  682.534058  682.529663
  682.525208  682.520691  682.516113  682.511475  682.506836  682.502075
  682.497253  682.492432  682.487549  682.482544  682.477539  682.472473
  682.467346  682.462158  682.45697  682.45166  682.446289  682.440918
  682.435425  682.429932  682.424377  682.418762  682.413025  682.407288
  682.40155  682.395691  682.389771  682.383789  682.377808  682.371704
  682.365601  682.359436  682.353149  682.346863  682.340515  682.334106
  682.327698  682.321167  682.314575  682.307922  682.30127  682.294556
  682.28772  682.280884  682.273987
 Mirror  1 *  finished
  Mirror * 2 * begins
 xhyp  0.  0.34813267  0.69626534  1.04439807  1.39253068  1.74066329
  2.08879614  2.43692875  2.78506136  3.13319397  3.48132658  3.82945943
  4.17759228  4.52572489  4.8738575  5.22199011  5.57012272  5.91825533
  6.26638794  6.61452055  6.96265316  7.31078625  7.65891886  8.00705147
  8.35518456  8.70331669  9.05144978  9.39958191  9.747715  10.0958471
  10.4439802  10.7921124  11.1402454  11.4883785  11.8365107  12.1846437
  12.5327759  12.880909  13.2290411  13.5771742  13.9253063  14.2734394
  14.6215725  14.9697046  15.3178377  15.6659698  16.0141029  16.362236
  16.7103691  17.0585003  17.4066334  17.7547665  18.1028996  18.4510307
  18.7991638  19.1472969  19.49543  19.8435631  20.1916943  20.5398273
  20.8879604  21.2360935  21.5842247  21.9323578  22.2804909  22.628624
  22.976757  23.3248882  23.6730213  24.0211544  24.3692875  24.7174187
  25.0655518  25.4136848  25.7618179  26.109951  26.4580822  26.8062153
  27.1543484  27.5024815  27.8506126  28.1987457  28.5468788  28.8950119
  29.243145  29.5912762  29.9394093  30.2875423  30.6356754  30.9838085
  31.3319397  31.6800728  32.0282059  32.376339  32.724472  33.0726051
  33.4207382  33.7688675  34.1170006
 yhyp  617.930054  617.889709  617.848755  617.80719  617.765015  617.722107
  617.678589  617.634277  617.589233  617.543457  617.496826  617.449341
  617.40094  617.351685  617.301392  617.250122  617.197815  617.144348
  617.089783  617.034058  616.97699  616.918701  616.859009  616.797913
  616.735352  616.671204  616.605469  616.538025  616.468872  616.397949
  616.325073  616.250244  616.173401  616.09436  616.013245  615.929749
  615.843994  615.755737  615.665039  615.571716  615.475708  615.377014
  615.275574  615.171204  615.063904  614.953674  614.840393  614.72406
  614.604614  614.481995  614.356262  614.227295  614.095154  613.959778
  613.821289  613.679565  613.534668  613.386658  613.235596  613.081482
  612.924316  612.764221  612.601257  612.435486  612.266907  612.095642
  611.921753  611.745361  611.566467  611.385193  611.20166  611.015808
  610.827881  610.637817  610.445801  610.251831  610.05603  609.858459
  609.659119  609.458191  609.255676  609.051636  608.846191  608.639282
  608.431091  608.221619  608.010986  607.799072  607.586121  607.37207
  607.156982  606.940857  606.723877  606.50592  606.287109  606.067505
  605.847046  605.625854  605.403931
 xell  0.  0.185816318  0.371632636  0.557448983  0.743265271  0.929081559
  1.11489797  1.30071425  1.48653054  1.67234683  1.85816312  2.04397941
  2.22979593  2.41561222  2.60142851  2.7872448  2.97306108  3.15887737
  3.34469366  3.53050995  3.71632624  3.90214276  4.08795881  4.2737751
  4.45959187  4.64540815  4.83122444  5.01704073  5.20285702  5.38867331
  5.57448959  5.76030588  5.94612217  6.13193846  6.31775475  6.50357103
  6.68938732  6.87520361  7.0610199  7.24683619  7.43265247  7.61846924
  7.80428553  7.99010181  8.17591763  8.36173439  8.5475502  8.73336697
  8.91918373  9.10499954  9.29081631  9.47663212  9.66244888  9.84826469
  10.0340815  10.2198973  10.405714  10.5915298  10.7773466  10.9631624
  11.1489792  11.334795  11.5206118  11.7064276  11.8922443  12.0780611
  12.2638769  12.4496937  12.6355095  12.8213263  13.0071421  13.1929588
  13.3787746  13.5645914  13.7504072  13.936224  14.1220398  14.3078566
  14.4936724  14.6794891  14.8653049  15.0511217  15.2369385  15.4227543
  15.6085711  15.7943869  15.9802036  16.1660194  16.3518353  16.537653
  16.7234688  16.9092846  17.0951004  17.2809181  17.4667339  17.6525497
  17.8383675  18.0241833  18.2099991
 yell  679.993225  679.992554  679.991638  679.99054  679.989136  679.987488
  679.985657  679.983521  679.98114  679.978516  679.975647  679.972534
  679.969177  679.965576  679.961731  679.957642  679.953247  679.948669
  679.943848  679.938721  679.933411  679.927795  679.921997  679.915894
  679.909546  679.902954  679.896179  679.889099  679.881775  679.874146
  679.866333  679.858276  679.849976  679.84137  679.832581  679.823486
  679.814209  679.804626  679.7948  679.784729  679.774414  679.763855
  679.753052  679.742004  679.730652  679.719116  679.707275  679.695251
  679.682922  679.670349  679.657532  679.64447  679.631165  679.617615
  679.60376  679.589722  679.575378  679.560791  679.545959  679.530884
  679.515564  679.5  679.484192  679.468079  679.451782  679.435181  679.418335
  679.401245  679.383911  679.366272  679.34845  679.330322  679.312012
  679.293396  679.274536  679.255432  679.236023  679.216431  679.196533
  679.176392  679.156006  679.135376  679.114502  679.093323  679.07196
  679.050293  679.028381  679.006226  678.983826  678.961121  678.938171
  678.915039  678.891602  678.867859  678.843933  678.819702  678.795227
  678.770508  678.745544
 Mirror  2 *  finished
  Mirror * 3 * begins
 xhyp  0.  0.420295924  0.840591848  1.26088774  1.6811837  2.10147953
  2.52177548  2.94207144  3.36236739  3.78266335  4.20295906  4.62325525
  5.04355097  5.46384716  5.88414288  6.30443907  6.72473478  7.1450305
  7.56532669  7.98562241  8.40591812  8.82621479  9.24651051  9.66680622
  10.0871019  10.5073977  10.9276943  11.34799  11.7682858  12.1885815
  12.6088781  13.0291739  13.4494696  13.8697653  14.290061  14.7103577
  15.1306534  15.5509491  15.9712448  16.3915405  16.8118362  17.232132
  17.6524296  18.0727253  18.493021  18.9133167  19.3336124  19.7539082
  20.1742039  20.5944996  21.0147953  21.4350929  21.8553886  22.2756844
  22.6959801  23.1162758  23.5365715  23.9568672  24.3771629  24.7974586
  25.2177563  25.638052  26.0583477  26.4786434  26.8989391  27.3192348
  27.7395306  28.1598263  28.580122  29.0004196  29.4207153  29.841011
  30.2613068  30.6816025  31.1018982  31.5221939  31.9424896  32.3627853
  32.7830811  33.2033768  33.6236725  34.0439682  34.4642639  34.8845634
  35.3048592  35.7251549  36.1454506  36.5657463  36.986042  37.4063377
  37.8266335  38.2469292  38.6672249  39.0875206  39.5078163  39.928112
  40.3484077  40.7687035  41.1889992
 yhyp  614.179626  614.173035  614.166077  614.158752  614.151001  614.142883
  614.134338  614.125366  614.115906  614.106018  614.095581  614.084656
  614.07312  614.061096  614.048462  614.035217  614.021301  614.006714
  613.991455  613.975403  613.958618  613.94104  613.922607  613.903259
  613.882996  613.861755  613.839539  613.816223  613.791748  613.766113
  613.739258  613.711121  613.681641  613.650696  613.618225  613.584229
  613.548584  613.511169  613.471985  613.430908  613.387817  613.34259
  613.295227  613.245605  613.193542  613.138977  613.081848  613.022034
  612.959351  612.893738  612.825134  612.753296  612.678284  612.599915
  612.518066  612.432678  612.343689  612.250977  612.15448  612.054199
  611.949951  611.841858  611.729736  611.613708  611.493713  611.369751
  611.241821  611.109985  610.974365  610.834839  610.69165  610.5448
  610.394287  610.240356  610.083008  609.922363  609.758484  609.591553
  609.421692  609.248901  609.073364  608.895142  608.714417  608.53125
  608.345764  608.15802  607.96814  607.776245  607.582397  607.386719
  607.18927  606.990112  606.789307  606.587036  606.383301  606.178162
  605.97168  605.763977  605.555054
 xell  0.  0.285204083  0.570408165  0.855612278  1.14081633  1.42602038
  1.71122456  1.99642861  2.28163266  2.56683683  2.85204077  3.13724494
  3.42244911  3.70765305  3.99285722  4.27806139  4.56326532  4.84846926
  5.13367367  5.4188776  5.70408154  5.98928595  6.27448988  6.55969381
  6.84489822  7.13010216  7.41530609  7.70051003  7.98571444  8.27091885
  8.55612278  8.84132671  9.12653065  9.41173458  9.69693851  9.98214245
  10.2673473  10.5525513  10.8377552  11.1229591  11.4081631  11.693367
  11.9785719  12.2637758  12.5489798  12.8341837  13.1193876  13.4045916
  13.6897964  13.9750004  14.2602043  14.5454082  14.8306122  15.1158161
  15.4010201  15.6862249  15.9714289  16.2566319  16.5418377  16.8270416
  17.1122456  17.3974495  17.6826534  17.9678574  18.2530613  18.5382652
  18.8234692  19.1086731  19.393877  19.679081  19.9642849  20.2494907
  20.5346947  20.8198986  21.1051025  21.3903065  21.6755104  21.9607143
  22.2459183  22.5311222  22.8163261  23.1015301  23.386734  23.6719379
  23.9571438  24.2423477  24.5275517  24.8127556  25.0979595  25.3831635
  25.6683674  25.9535713  26.2387753  26.5239792  26.8091831  27.0943871
  27.3795929  27.6647968  27.9500008
 yell  675.084045  675.122192  675.15979  675.196777  675.233215  675.269043
  675.30426  675.338928  675.372986  675.406494  675.439392  675.47168
  675.503418  675.534607  675.565125  675.595093  675.624512  675.65332
  675.681519  675.709167  675.736206  675.762695  675.788574  675.813904
  675.838623  675.862732  675.886292  675.909241  675.931641  675.95343
  675.974609  675.995239  676.01532  676.03479  676.05365  676.07196
  676.089661  676.10675  676.123291  676.139221  676.154602  676.169434
  676.183594  676.197205  676.210266  676.222717  676.234558  676.24585
  676.256531  676.266663  676.276184  676.285095  676.293457  676.30127
  676.308411  676.315063  676.321045  676.326477  676.33136  676.335571
  676.339294  676.342346  676.344849  676.346802  676.348083  676.348877
  676.348999  676.348572  676.347595  676.346008  676.343811  676.341003
  676.337646  676.33374  676.329224  676.324097  676.318359  676.312073
  676.305176  676.297729  676.289673  676.281006  676.27179  676.261963
  676.251526  676.24054  676.228943  676.216797  676.204041  676.190674
  676.176697  676.16217  676.147034  676.131348  676.11499  676.098083
  676.080627  676.062561  676.043884
 Mirror  3 *  finished
  Mirror * 4 * begins
 xhyp  0.  0.491387725  0.98277545  1.47416317  1.9655509  2.45693874
  2.94832635  3.43971395  3.9311018  4.42248964  4.91387749  5.40526485
  5.8966527  6.38804054  6.87942791  7.37081575  7.8622036  8.35359097
  8.84497929  9.33636665  9.82775497  10.3191423  10.8105297  11.301918
  11.7933054  12.2846928  12.7760811  13.2674685  13.7588558  14.2502441
  14.7416315  15.2330198  15.7244072  16.2157955  16.7071819  17.1985703
  17.6899586  18.181345  18.6727333  19.1641216  19.6555099  20.1468964
  20.6382847  21.129673  21.6210594  22.1124477  22.6038361  23.0952225
  23.5866108  24.0779991  24.5693855  25.0607738  25.5521622  26.0435486
  26.5349369  27.0263252  27.5177116  28.0091  28.5004883  28.9918766
  29.483263  29.9746513  30.4660397  30.9574261  31.4488144  31.9402027
  32.431591  32.9229774  33.4143639  33.9057541  34.3971405  34.8885269
  35.3799171  35.8713036  36.36269  36.8540802  37.3454666  37.836853
  38.3282433  38.8196297  39.3110199  39.8024063  40.2937927  40.785183
  41.2765694  41.7679558  42.259346  42.7507324  43.2421188  43.7335091
  44.2248955  44.7162819  45.2076721  45.6990585  46.1904449  46.6818352
  47.1732216  47.664608  48.1559982
 yhyp  610.697571  610.69574  610.693604  610.691223  610.688538  610.685608
  610.682373  610.678833  610.674988  610.670776  610.666199  610.661316
  610.656006  610.65033  610.644226  610.637695  610.630676  610.62323
  610.615295  610.606812  610.597839  610.588257  610.578064  610.567261
  610.555847  610.543701  610.530884  610.517273  610.502869  610.48761
  610.471497  610.454407  610.436401  610.417297  610.397156  610.375854
  610.353333  610.329529  610.304321  610.277771  610.249634  610.21991
  610.188538  610.155334  610.120239  610.08313  610.043884  610.002441
  609.958618  609.912231  609.86322  609.811401  609.756653  609.698792
  609.637634  609.572998  609.504761  609.432739  609.35675  609.276611
  609.192139  609.103149  609.009583  608.911194  608.807861  608.699463
  608.585938  608.467102  608.342957  608.213379  608.07843  607.938049
  607.792236  607.641113  607.484619  607.322937  607.156128  606.984314
  606.807617  606.626221  606.440247  606.249817  606.055237  605.856506
  605.653931  605.447632  605.237732  605.024536  604.808105  604.588623
  604.366272  604.141174  603.913513  603.683411  603.450989  603.216309
  602.979614  602.740967  602.500488
 xell  0.  0.382551044  0.765102088  1.1476531  1.53020418  1.91275525
  2.29530621  2.6778574  3.06040835  3.44295931  3.8255105  4.2080617
  4.59061241  4.9731636  5.3557148  5.73826551  6.12081671  6.5033679
  6.88591862  7.26846981  7.651021  8.0335722  8.41612339  8.79867363
  9.18122482  9.56377602  9.94632721  10.3288784  10.7114296  11.0939798
  11.476531  11.8590822  12.2416334  12.6241846  13.0067358  13.389287
  13.7718372  14.1543884  14.5369396  14.9194908  15.302042  15.6845932
  16.0671444  16.4496956  16.8322468  17.2147961  17.5973473  17.9798985
  18.3624496  18.7450008  19.127552  19.5101032  19.8926544  20.2752056
  20.6577568  21.040308  21.4228592  21.8054104  22.1879597  22.5705109
  22.9530621  23.3356133  23.7181644  24.1007156  24.4832668  24.865818
  25.2483692  25.6309204  26.0134716  26.3960228  26.778574  27.1611233
  27.5436745  27.9262257  28.3087769  28.691328  29.0738792  29.4564304
  29.8389816  30.2215328  30.604084  30.9866352  31.3691864  31.7517376
  32.1342888  32.5168381  32.8993912  33.2819405  33.6644936  34.0470428
  34.4295921  34.8121452  35.1946945  35.5772476  35.9597969  36.34235
  36.7248993  37.1074524  37.4900017
 yell  671.366394  671.435852  671.504272  671.571594  671.637878  671.703064
  671.767273  671.830383  671.892456  671.953491  672.013489  672.072388
  672.130249  672.187134  672.242859  672.297607  672.351318  672.403931
  672.455505  672.506042  672.555542  672.604004  672.651367  672.697754
  672.743042  672.787292  672.830505  672.872681  672.913757  672.953857
  672.992859  673.030823  673.067749  673.103638  673.138489  673.172302
  673.205017  673.236755  673.267395  673.296997  673.325562  673.353088
  673.379578  673.404968  673.429321  673.452698  673.474976  673.496216
  673.516357  673.535522  673.55365  673.570679  673.58667  673.601624
  673.61554  673.628357  673.640198  673.65094  673.660645  673.669312
  673.676941  673.683472  673.688965  673.693481  673.696838  673.699219
  673.7005  673.700806  673.700012  673.69812  673.695251  673.691284
  673.686279  673.680176  673.673096  673.664917  673.655701  673.645386
  673.634033  673.621643  673.608215  673.593689  673.578125  673.561462
  673.543762  673.525024  673.505188  673.484314  673.462402  673.439392
  673.415344  673.390198  673.364014  673.336731  673.308411  673.278992
  673.248535  673.217041  673.184448
 Mirror  4 *  finished
  Mirror * 5 * begins
 xhyp  0.  0.562112272  1.12422454  1.68633676  2.24844909  2.81056142
  3.37267351  3.93478584  4.49689817  5.05901051  5.62112284  6.18323517
  6.74534702  7.30745935  7.86957169  8.43168449  8.99379635  9.5559082
  10.118021  10.6801329  11.2422457  11.8043575  12.3664703  12.9285822
  13.490694  14.0528069  14.6149187  15.1770315  15.7391434  16.3012562
  16.863369  17.4254799  17.9875927  18.5497055  19.1118164  19.6739292
  20.236042  20.7981548  21.3602657  21.9223785  22.4844913  23.0466022
  23.6087151  24.1708279  24.7329407  25.2950516  25.8571644  26.4192772
  26.9813881  27.5435009  28.1056137  28.6677265  29.2298374  29.7919502
  30.354063  30.9161758  31.4782867  32.0403976  32.6025124  33.1646233
  33.726738  34.2888489  34.8509598  35.4130745  35.9751854  36.5372963
  37.099411  37.6615219  38.2236328  38.7857475  39.3478584  39.9099731
  40.472084  41.0341949  41.5963097  42.1584206  42.7205315  43.2826462
  43.8447571  44.406868  44.9689827  45.5310936  46.0932045  46.6553192
  47.2174301  47.7795448  48.3416557  48.9037666  49.4658813  50.0279922
  50.5901031  51.1522179  51.7143288  52.2764397  52.8385544  53.4006653
  53.9627762  54.5248909  55.0870018
 yhyp  605.628479  605.667236  605.705811  605.744141  605.782288  605.820251
  605.85791  605.895386  605.932617  605.969604  606.006348  606.042786
  606.078918  606.114746  606.15033  606.185547  606.220398  606.254944
  606.289124  606.322876  606.356262  606.38916  606.421692  606.453735
  606.485291  606.516296  606.546814  606.576721  606.606079  606.634766
  606.662781  606.690125  606.716797  606.742615  606.767639  606.791809
  606.815063  606.837341  606.858643  606.878784  606.897827  606.915649
  606.93219  606.947388  606.96106  606.973206  606.983704  606.992493
  606.999329  607.004272  607.007019  607.007507  607.005615  607.00116
  606.993958  606.983887  606.970642  606.954163  606.934143  606.9104
  606.88269  606.85083  606.814514  606.773499  606.7276  606.676514
  606.619995  606.557861  606.489807  606.41571  606.335388  606.248535
  606.155212  606.055176  605.948364  605.834839  605.714478  605.587341
  605.453552  605.313232  605.166382  605.013367  604.854187  604.689148
  604.518433  604.342285  604.161011  603.974792  603.783813  603.58844
  603.388916  603.185364  602.978088  602.767273  602.553162  602.335938
  602.115784  601.892883  601.667419
 xell  0.  0.4777551  0.955510199  1.43326533  1.9110204  2.38877559
  2.86653066  3.34428573  3.8220408  4.2997961  4.77755117  5.25530624
  5.73306131  6.21081638  6.68857145  7.16632652  7.64408159  8.12183666
  8.59959221  9.0773468  9.55510235  10.0328569  10.5106125  10.9883671
  11.4661226  11.9438772  12.4216328  12.8993874  13.3771429  13.8548975
  14.332653  14.8104076  15.2881632  15.7659187  16.2436733  16.7214279
  17.1991844  17.676939  18.1546936  18.6324482  19.1102047  19.5879593
  20.0657139  20.5434685  21.021225  21.4989796  21.9767342  22.4544888
  22.9322453  23.4099998  23.8877544  24.3655109  24.8432655  25.3210201
  25.7987747  26.2765312  26.7542858  27.2320404  27.709795  28.1875515
  28.6653061  29.1430607  29.6208153  30.0985718  30.5763264  31.054081
  31.5318375  32.0095901  32.4873466  32.9651031  33.4428558  33.9206123
  34.3983688  34.8761215  35.353878  35.8316307  36.3093872  36.7871437
  37.2648964  37.7426529  38.2204094  38.6981621  39.1759186  39.6536751
  40.1314278  40.6091843  41.086937  41.5646935  42.04245  42.5202026
  42.9979591  43.4757156  43.9534683  44.4312248  44.9089775  45.386734
  45.8644905  46.3422432  46.8199997
 yell  666.425476  666.543213  666.659302  666.773743  666.886536  666.99762
  667.107117  667.214905  667.321045  667.425598  667.528442  667.629639
  667.729187  667.827087  667.92334  668.018005  668.110962  668.202271
  668.291992  668.380005  668.466431  668.551208  668.634277  668.715759
  668.795654  668.87384  668.950439  669.02533  669.098633  669.170288
  669.240356  669.308716  669.375488  669.440613  669.504089  669.565979
  669.626221  669.684814  669.74176  669.797119  669.85083  669.902893
  669.953308  670.002136  670.049316  670.094849  670.138794  670.18103
  670.22168  670.260742  670.298096  670.333862  670.368042  670.400513
  670.431396  670.460632  670.48822  670.514221  670.538574  670.561279
  670.582336  670.601746  670.619568  670.635742  670.650269  670.663208
  670.674438  670.684082  670.692078  670.698425  670.703186  670.706238
  670.707703  670.70752  670.705627  670.702148  670.697021  670.690308
  670.681885  670.671814  670.660095  670.646729  670.631775  670.615112
  670.596802  670.576843  670.555237  670.531982  670.50708  670.48053
  670.452332  670.422424  670.390869  670.357666  670.322815  670.286316
  670.248108  670.208252  670.166687
 Mirror  5 *  finished
  Mirror * 6 * begins
 xhyp  0.  0.631204128  1.26240826  1.89361238  2.52481651  3.15602064
  3.78722477  4.4184289  5.04963303  5.68083715  6.31204128  6.94324541
  7.57444954  8.20565414  8.8368578  9.46806145  10.0992661  10.7304707
  11.3616743  11.992878  12.6240826  13.2552872  13.8864908  14.5176945
  15.1488991  15.7801037  16.4113083  17.042511  17.6737156  18.3049202
  18.9361229  19.5673275  20.1985321  20.8297367  21.4609413  22.092144
  22.7233486  23.3545532  23.9857559  24.6169605  25.2481651  25.8793697
  26.5105743  27.141777  27.7729816  28.4041862  29.0353889  29.6665936
  30.2977982  30.9290028  31.5602074  32.1914101  32.8226166  33.4538193
  34.085022  34.7162285  35.3474312  35.9786339  36.6098404  37.2410431
  37.8722458  38.5034523  39.134655  39.7658615  40.3970642  41.0282669
  41.6594734  42.2906761  42.9218826  43.5530853  44.184288  44.8154945
  45.4466972  46.0778999  46.7091064  47.3403091  47.9715118  48.6027184
  49.2339211  49.8651276  50.4963303  51.127533  51.7587395  52.3899422
  53.0211487  53.6523514  54.2835541  54.9147606  55.5459633  56.177166
  56.8083725  57.4395752  58.0707779  58.7019844  59.3331871  59.9643936
  60.5955963  61.226799  61.8580055
 yhyp  600.282837  600.351135  600.419312  600.487305  600.555115  600.622742
  600.690247  600.757568  600.824646  600.891541  600.958252  601.024719
  601.091003  601.157043  601.222778  601.28833  601.353577  601.418579
  601.483276  601.547729  601.611816  601.675537  601.738953  601.802063
  601.864746  601.927002  601.988892  602.050293  602.111267  602.171753
  602.23175  602.291199  602.350098  602.408386  602.466003  602.52301
  602.579285  602.634888  602.689636  602.743591  602.796631  602.848755
  602.899902  602.949951  602.998901  603.046631  603.093079  603.138184
  603.181824  603.223938  603.264343  603.302979  603.339722  603.37439
  603.406921  603.437073  603.464661  603.489624  603.511597  603.530457
  603.546021  603.557922  603.565979  603.569885  603.569397  603.564087
  603.553772  603.538025  603.516541  603.488953  603.454956  603.414185
  603.366333  603.311096  603.248169  603.177307  603.098267  603.010986
  602.915283  602.811096  602.698547  602.577515  602.448242  602.310913
  602.165588  602.012695  601.852417  601.68512  601.511108  601.330688
  601.144226  600.952087  600.754578  600.552063  600.344849  600.13324
  599.91748  599.697998  599.474854
 xell  0.  0.573061228  1.14612246  1.71918368  2.29224491  2.86530614
  3.43836737  4.01142883  4.58448982  5.15755081  5.73061228  6.30367374
  6.87673473  7.44979572  8.02285767  8.59591866  9.16897964  9.74204063
  10.3151016  10.8881636  11.4612246  12.0342855  12.6073475  13.1804085
  13.7534695  14.3265305  14.8995914  15.4726534  16.0457153  16.6187763
  17.1918373  17.7648983  18.3379593  18.9110203  19.4840813  20.0571423
  20.6302032  21.2032661  21.7763271  22.3493881  22.9224491  23.4955101
  24.0685711  24.6416321  25.214695  25.787756  26.360817  26.9338779
  27.5069389  28.0799999  28.6530609  29.2261219  29.7991829  30.3722458
  30.9453068  31.5183678  32.0914307  32.6644897  33.2375526  33.8106117
  34.3836746  34.9567337  35.5297966  36.1028557  36.6759186  37.2489815
  37.8220406  38.3951035  38.9681625  39.5412254  40.1142845  40.6873474
  41.2604065  41.8334694  42.4065323  42.9795914  43.5526543  44.1257133
  44.6987762  45.2718353  45.8448982  46.4179611  46.9910202  47.5640831
  48.1371422  48.7102051  49.2832642  49.8563271  50.42939  51.002449
  51.5755119  52.148571  52.7216339  53.294693  53.8677559  54.440815
  55.0138779  55.5869408  56.1599998
 yell  661.164185  661.337341  661.508057  661.676392  661.842346  662.00592
  662.167053  662.325806  662.482117  662.636108  662.787659  662.93689
  663.083679  663.228088  663.370178  663.509827  663.647156  663.782043
  663.914612  664.0448  664.172668  664.298096  664.421204  664.541931
  664.660339  664.776367  664.890015  665.001343  665.110291  665.216858
  665.321106  665.423035  665.522583  665.619812  665.714661  665.80719
  665.897339  665.985168  666.070618  666.153809  666.234558  666.313049
  666.38916  666.462952  666.534363  666.603455  666.670227  666.734619
  666.796692  666.856445  666.913818  666.968872  667.021606  667.072021
  667.120056  667.16571  667.209106  667.250122  667.288818  667.325134
  667.359131  667.390808  667.420105  667.447083  667.471741  667.494019
  667.513916  667.531555  667.546753  667.559692  667.57019  667.578369
  667.584229  667.587708  667.588867  667.587646  667.584045  667.578064
  667.569763  667.559082  667.546082  667.530701  667.512878  667.492737
  667.470276  667.445374  667.418091  667.388428  667.356445  667.322021
  667.285217  667.246033  667.204468  667.160522  667.114136  667.06543
  667.014221  666.960693  666.904724
 Mirror  6 *  finished
   Mirror * 7 * begins
 xhyp  0.  0.700091839  1.40018368  2.10027552  2.80036736  3.50045919
  4.20055103  4.90064287  5.60073471  6.30082655  7.00091839  7.70101023
  8.40110207  9.10119438  9.80128574  10.5013771  11.2014694  11.9015617
  12.6016531  13.3017445  14.0018368  14.7019291  15.4020205  16.1021118
  16.8022041  17.5022964  18.2023888  18.9024792  19.6025715  20.3026638
  21.0027542  21.7028465  22.4029388  23.1030312  23.8031235  24.5032139
  25.2033062  25.9033985  26.6034889  27.3035812  28.0036736  28.7037659
  29.4038582  30.1039486  30.8040409  31.5041332  32.2042236  32.9043159
  33.6044083  34.3045006  35.0045929  35.7046852  36.4047775  37.104866
  37.8049583  38.5050507  39.205143  39.9052353  40.6053276  41.3054199
  42.0055084  42.7056007  43.4056931  44.1057854  44.8058777  45.50597
  46.2060623  46.9061546  47.6062469  48.3063354  49.0064278  49.7065201
  50.4066124  51.1067047  51.806797  52.5068893  53.2069778  53.9070702
  54.6071625  55.3072548  56.0073471  56.7074394  57.4075317  58.1076241
  58.8077164  59.5078049  60.2078972  60.9079895  61.6080818  62.3081741
  63.0082664  63.7083588  64.4084473  65.1085434  65.8086319  66.508728
  67.2088165  67.908905  68.6090012
 yhyp  596.341064  596.395752  596.450256  596.5047  596.55896  596.613098
  596.667053  596.720886  596.774597  596.828125  596.88147  596.934631
  596.98761  597.040405  597.093018  597.145447  597.197632  597.249573
  597.301331  597.352783  597.403992  597.454956  597.505676  597.55603
  597.60614  597.655945  597.705322  597.754456  597.803162  597.851501
  597.899414  597.946899  597.993958  598.040527  598.086548  598.13208
  598.177063  598.221497  598.265259  598.30835  598.350708  598.392395
  598.433228  598.473267  598.51239  598.550598  598.587769  598.62384
  598.658752  598.692444  598.724792  598.755737  598.785156  598.812988
  598.838989  598.863098  598.885254  598.905151  598.922668  598.937622
  598.949829  598.959106  598.965088  598.967529  598.966248  598.960876
  598.95105  598.936401  598.916626  598.891235  598.859802  598.82196
  598.777161  598.724976  598.664917  598.596497  598.519348  598.432922
  598.336975  598.23114  598.115051  597.988708  597.851868  597.704529
  597.546814  597.378906  597.200928  597.013245  596.816162  596.610168
  596.395691  596.173096  595.942932  595.705688  595.461792  595.21167
  594.955811  594.694641  594.428467
 xell  0.  0.665816307  1.33163261  1.99744892  2.66326523  3.32908154
  3.99489784  4.66071415  5.32653046  5.99234676  6.65816307  7.32397938
  7.98979568  8.65561199  9.3214283  9.98724461  10.6530609  11.3188772
  11.9846935  12.6505098  13.3163261  13.9821424  14.6479588  15.3137751
  15.9795914  16.6454086  17.311224  17.9770393  18.6428566  19.3086739
  19.9744892  20.6403046  21.3061218  21.9719391  22.6377544  23.3035698
  23.9693871  24.6352043  25.3010197  25.966835  26.6326523  27.2984695
  27.9642849  28.6301003  29.2959175  29.9617348  30.6275501  31.2933655
  31.9591827  32.625  33.2908173  33.9566307  34.622448  35.2882652  35.9540787
  36.6198959  37.2857132  37.9515305  38.6173477  39.2831612  39.9489784
  40.6147957  41.2806091  41.9464264  42.6122437  43.2780609  43.9438782
  44.6096916  45.2755089  45.9413261  46.6071396  47.2729568  47.9387741
  48.6045914  49.2704086  49.9362221  50.6020393  51.2678566  51.93367
  52.5994873  53.2653046  53.9311218  54.5969391  55.2627525  55.9285698
  56.5943871  57.2602005  57.9260178  58.591835  59.2576523  59.9234695
  60.589283  61.2551003  61.9209175  62.586731  63.2525482  63.9183655
  64.5841827  65.25
 yell  656.484131  656.714783  656.942078  657.166199  657.387024  657.604614
  657.819031  658.030151  658.238037  658.442688  658.644165  658.842407
  659.037476  659.229248  659.417908  659.603333  659.785522  659.9646
  660.140442  660.31311  660.482544  660.648865  660.812012  660.971924
  661.128723  661.282349  661.4328  661.580078  661.724182  661.865173
  662.00293  662.137634  662.269104  662.397461  662.522644  662.644714
  662.763611  662.879395  662.992004  663.10144  663.207764  663.310974
  663.411011  663.507935  663.601746  663.692383  663.779846  663.864197
  663.945435  664.023499  664.09845  664.170288  664.238953  664.304504
  664.366882  664.426147  664.482239  664.535217  664.585083  664.631775
  664.675293  664.715698  664.752991  664.787048  664.818054  664.845825
  664.870483  664.892029  664.910339  664.925537  664.937561  664.946411
  664.952148  664.954651  664.954041  664.950195  664.943237  664.933044
  664.919678  664.903198  664.883423  664.860535  664.834412  664.805115
  664.772583  664.736877  664.697937  664.655823  664.610413  664.561829
  664.51001  664.455017  664.396729  664.335205  664.270386  664.202393
  664.131104  664.05658  663.97876
 Mirror  7 *  finished
  Mirror * 8 * begins
 xhyp  0.  0.768693864  1.53738773  2.30608153  3.07477546  3.84346938
  4.61216307  5.38085699  6.14955091  6.91824484  7.68693876  8.45563221
  9.22432613  9.99302006  10.761714  11.5304079  12.2991018  13.0677958
  13.8364897  14.6051836  15.3738775  16.1425705  16.9112644  17.6799583
  18.4486523  19.2173462  19.9860401  20.754734  21.523428  22.2921219
  23.0608158  23.8295097  24.5982037  25.3668976  26.1355915  26.9042854
  27.6729794  28.4416733  29.2103672  29.9790611  30.7477551  31.516449
  32.285141  33.0538368  33.8225288  34.5912247  35.3599167  36.1286125
  36.8973045  37.6660004  38.4346924  39.2033882  39.9720802  40.7407761
  41.5094681  42.2781639  43.0468559  43.8155518  44.5842438  45.3529396
  46.1216316  46.8903275  47.6590195  48.4277153  49.1964073  49.9650993
  50.7337952  51.5024872  52.271183  53.039875  53.8085709  54.5772629
  55.3459587  56.1146507  56.8833466  57.6520386  58.4207344  59.1894264
  59.9581223  60.7268143  61.4955101  62.2642021  63.0328979  63.80159
  64.570282  65.3389816  66.1076736  66.8763657  67.6450577  68.4137573
  69.1824493  69.9511414  70.7198334  71.488533  72.257225  73.0259171
  73.7946091  74.5633011  75.3320007
 yhyp  593.013672  593.083862  593.153931  593.223938  593.293762  593.363525
  593.433105  593.502625  593.57196  593.641174  593.710266  593.779175
  593.8479  593.916504  593.984924  594.053223  594.121277  594.189148
  594.256836  594.32428  594.391541  594.458557  594.52533  594.591858
  594.658142  594.724121  594.789856  594.855286  594.920349  594.985168
  595.049561  595.113647  595.177307  595.240601  595.303406  595.365845
  595.427734  595.489136  595.550049  595.610352  595.670105  595.729187
  595.787598  595.845337  595.902283  595.958374  596.013672  596.067993
  596.121399  596.173706  596.224915  596.274841  596.323547  596.370789
  596.416565  596.460754  596.503113  596.54364  596.582092  596.618286
  596.6521  596.68335  596.71167  596.737  596.758911  596.7771  596.791382
  596.801208  596.806335  596.806274  596.800537  596.788696  596.770081
  596.744263  596.710571  596.668457  596.617188  596.556274  596.484985
  596.402832  596.309265  596.203857  596.086243  595.956238  595.813599
  595.658386  595.490723  595.310852  595.11908  594.915955  594.701904
  594.477478  594.243347  594.000061  593.748352  593.48877  593.221863
  592.948242  592.668457
 xell  0.  0.749081671  1.49816334  2.24724507  2.99632668  3.7454083
  4.49449015  5.24357176  5.99265337  6.74173498  7.49081659  8.23989868
  8.98898029  9.7380619  10.4871435  11.2362251  11.9853067  12.7343884
  13.48347  14.2325516  14.9816332  15.7307148  16.4797974  17.228878
  17.9779606  18.7270412  19.4761238  20.2252045  20.974287  21.7233677
  22.4724503  23.2215309  23.9706135  24.719696  25.4687767  26.2178593
  26.9669399  27.7160225  28.4651031  29.2141857  29.9632664  30.7123489
  31.4614296  32.2105103  32.9595947  33.7086754  34.457756  35.2068367
  35.9559212  36.7050018  37.4540825  38.203167  38.9522476  39.7013283
  40.4504089  41.1994934  41.9485741  42.6976547  43.4467354  44.1958199
  44.9449005  45.6939812  46.4430618  47.1921463  47.941227  48.6903076
  49.4393921  50.1884727  50.9375534  51.6866341  52.4357185  53.1847992
  53.9338799  54.6829605  55.432045  56.1811256  56.9302063  57.679287
  58.4283714  59.1774521  59.9265327  60.6756172  61.4246979  62.1737785
  62.9228592  63.6719437  64.4210205  65.170105  65.9191895  66.6682663
  67.4173508  68.1664352  68.9155121  69.6645966  70.4136734  71.1627579
  71.9118423  72.6609192  73.4100037
 yell  652.083862  652.372437  652.656921  652.937195  653.21344  653.485535
  653.75354  654.017456  654.277283  654.53302  654.784729  655.032349
  655.275879  655.515442  655.750916  655.982361  656.209717  656.433105
  656.652466  656.867798  657.079163  657.286438  657.489807  657.689087
  657.88446  658.075745  658.263123  658.446472  658.625916  658.801331
  658.972717  659.140198  659.303711  659.463257  659.618835  659.770508
  659.918152  660.06189  660.201599  660.337402  660.469299  660.597168
  660.72113  660.841187  660.957214  661.069336  661.177551  661.281799
  661.38208  661.478394  661.570801  661.659241  661.743774  661.824341
  661.90094  661.973572  662.042297  662.107056  662.167908  662.224731
  662.277649  662.326599  662.371582  662.412598  662.449646  662.482727
  662.511841  662.536926  662.558105  662.575256  662.588501  662.597656
  662.602905  662.604065  662.601318  662.594482  662.583679  662.568848
  662.550049  662.527161  662.500244  662.469299  662.434326  662.395325
  662.352234  662.305054  662.253845  662.198608  662.139221  662.075745
  662.008179  661.936523  661.860779  661.780884  661.696838  661.608704
  661.516418  661.419983  661.319336
 Mirror  8 *  finished
  Mirror * 9 * begins
 xhyp  0.  0.836948991  1.67389798  2.51084709  3.34779596  4.18474483
  5.02169418  5.85864305  6.69559193  7.5325408  8.36948967  9.20643902
  10.0433884  10.8803368  11.7172861  12.5542345  13.3911839  14.2281332
  15.0650816  15.9020309  16.7389793  17.5759296  18.412878  19.2498264
  20.0867767  20.9237251  21.7606735  22.5976219  23.4345722  24.2715206
  25.108469  25.9454193  26.7823677  27.6193161  28.4562664  29.2932148
  30.1301632  30.9671135  31.8040619  32.6410103  33.4779587  34.3149071
  35.1518593  35.9888077  36.8257561  37.6627045  38.4996529  39.3366013
  40.1735535  41.0105019  41.8474503  42.6843987  43.521347  44.3582954
  45.1952438  46.032196  46.8691444  47.7060928  48.5430412  49.3799896
  50.216938  51.0538902  51.8908386  52.727787  53.5647354  54.4016838
  55.2386322  56.0755806  56.9125328  57.7494812  58.5864296  59.423378
  60.2603264  61.0972748  61.934227  62.7711754  63.6081238  64.445076
  65.2820206  66.1189728  66.9559174  67.7928696  68.6298141  69.4667664
  70.3037186  71.1406631  71.9776154  72.8145599  73.6515121  74.4884567
  75.3254089  76.1623611  76.9993057  77.8362579  78.6732025  79.5101547
  80.3471069  81.1840515  82.0210037
 yhyp  585.95459  586.062622  586.170532  586.278381  586.386108  586.493713
  586.601257  586.708618  586.815918  586.923035  587.03009  587.136963
  587.243713  587.350281  587.456726  587.563049  587.669128  587.775085
  587.880859  587.98645  588.091858  588.197021  588.302002  588.406799
  588.511292  588.615601  588.719604  588.823364  588.926819  589.030029
  589.132874  589.235413  589.337646  589.439453  589.540955  589.641968
  589.742615  589.842834  589.942505  590.041748  590.140442  590.238525
  590.33606  590.432922  590.529114  590.624573  590.719299  590.813171
  590.906189  590.99823  591.089294  591.17926  591.268066  591.355591
  591.441772  591.526489  591.60968  591.691101  591.770691  591.848267
  591.923645  591.996582  592.067017  592.134583  592.199036  592.260071
  592.317383  592.370605  592.419373  592.463257  592.501648  592.534119
  592.56012  592.578918  592.589905  592.592346  592.58551  592.568604
  592.540833  592.501404  592.449646  592.384827  592.306335  592.213745
  592.106689  591.985046  591.848694  591.697937  591.53302  591.354431
  591.16272  590.958618  590.74292  590.516235  590.27948  590.033447
  589.778748  589.516296  589.246582
 xell  0.  0.835204065  1.67040813  2.50561213  3.34081626  4.17602015
  5.01122427  5.84642839  6.68163252  7.51683664  8.35204029  9.18724442
  10.0224485  10.8576527  11.6928568  12.5280609  13.363265  14.1984692
  15.0336733  15.8688774  16.7040806  17.5392857  18.3744888  19.2096939
  20.0448971  20.8801022  21.7153053  22.5505104  23.3857136  24.2209187
  25.0561218  25.8913269  26.7265301  27.5617332  28.3969383  29.2321415
  30.0673466  30.9025497  31.7377548  32.5729599  33.4081612  34.2433662
  35.0785713  35.9137764  36.7489777  37.5841827  38.4193878  39.2545929
  40.0897942  40.9249992  41.7602043  42.5954056  43.4306107  44.2658157
  45.1010208  45.9362221  46.7714272  47.6066322  48.4418373  49.2770386
  50.1122437  50.9474487  51.7826538  52.6178551  53.4530602  54.2882652
  55.1234665  55.9586716  56.7938766  57.6290817  58.464283  59.2994881
  60.1346931  60.9698982  61.8050995  62.6403046  63.4755096  64.3107147
  65.1459198  65.9811249  66.8163223  67.6515274  68.4867325  69.3219376
  70.1571426  70.9923477  71.8275528  72.6627502  73.4979553  74.3331604
  75.1683655  76.0035706  76.8387756  77.6739807  78.5091858  79.3443832
  80.1795883  81.0147934  81.8499985
 yell  648.573669  648.9245  649.270203  649.61084  649.94635  650.276794
  650.602173  650.922485  651.237793  651.548035  651.85321  652.153381
  652.448547  652.73877  653.023926  653.304138  653.579346  653.849609
  654.114929  654.375244  654.630676  654.881104  655.126648  655.367249
  655.602905  655.833679  656.059509  656.280457  656.496521  656.707703
  656.91394  657.115356  657.311829  657.503418  657.690186  657.87207
  658.049072  658.221191  658.388428  658.550842  658.708374  658.861023
  659.00885  659.151794  659.289917  659.423096  659.551514  659.675049
  659.793701  659.907471  660.016418  660.120544  660.219727  660.314087
  660.403564  660.48822  660.567932  660.642822  660.71283  660.777954
  660.838196  660.893555  660.944031  660.989624  661.030273  661.06604
  661.096924  661.122864  661.14386  661.159973  661.171143  661.177368
  661.17865  661.174988  661.166382  661.152771  661.134216  661.110657
  661.082153  661.048584  661.010071  660.966492  660.917908  660.864319
  660.805664  660.741943  660.673096  660.599243  660.520325  660.436218
  660.347046  660.252747  660.15332  660.048706  659.938965  659.824036
  659.703918  659.578552  659.447998
 Mirror  9 *  finished
  Mirror * 10 * begins
 xhyp  0.  0.90393877  1.80787754  2.71181631  3.61575508  4.51969385
  5.42363262  6.32757139  7.23151016  8.13544846  9.0393877  9.94332695
  10.8472652  11.7512035  12.6551428  13.559082  14.4630203  15.3669586
  16.2708969  17.1748371  18.0787754  18.9827137  19.8866539  20.7905922
  21.6945305  22.5984688  23.5024071  24.4063473  25.3102856  26.2142239
  27.1181641  28.0221024  28.9260406  29.8299789  30.7339172  31.6378574
  32.5417938  33.4457359  34.3496742  35.2536125  36.1575508  37.0614891
  37.9654274  38.8693657  39.7733078  40.6772461  41.5811844  42.4851227
  43.389061  44.2929993  45.1969376  46.1008759  47.0048141  47.9087563
  48.8126945  49.7166328  50.6205711  51.5245094  52.4284477  53.332386
  54.2363281  55.1402664  56.0442047  56.948143  57.8520813  58.7560196
  59.6599579  60.5638962  61.4678345  62.3717766  63.2757149  64.1796494
  65.0835876  65.9875336  66.8914719  67.7954102  68.6993484  69.6032867
  70.507225  71.4111633  72.3151016  73.2190399  74.1229782  75.0269165
  75.9308548  76.8347931  77.7387314  78.6426697  79.5466156  80.4505539
  81.3544922  82.2584305  83.1623688  84.0663071  84.9702454  85.8741837
  86.7781219  87.6820602  88.5859985
 yhyp  584.468262  584.536682  584.605042  584.673279  584.741455  584.809509
  584.877441  584.945312  585.013062  585.080688  585.148193  585.215637
  585.282898  585.350037  585.417114  585.483948  585.55072  585.61731
  585.683716  585.75  585.816101  585.882019  585.947693  586.013245
  586.078552  586.143677  586.208618  586.273254  586.337646  586.401794
  586.465698  586.529297  586.59259  586.655579  586.718201  586.780518
  586.842468  586.903992  586.965088  587.025818  587.085999  587.145752
  587.204956  587.263611  587.321655  587.37915  587.435913  587.491943
  587.547241  587.601685  587.655273  587.707947  587.759583  587.81012
  587.859436  587.907532  587.954285  587.999451  588.043091  588.084961
  588.124878  588.16272  588.198303  588.231323  588.261658  588.289001
  588.312988  588.333374  588.34967  588.361572  588.36853  588.369995
  588.365479  588.354187  588.33551  588.308655  588.272644  588.226685
  588.169739  588.100769  588.018799  587.922729  587.811584  587.684509
  587.540771  587.379761  587.201172  587.004822  586.790955  586.559814
  586.312073  586.048523  585.769958  585.477417  585.171936  584.854553
  584.526245  584.18811  583.840881
 xell  0.  0.921530604  1.84306121  2.76459169  3.68612242  4.60765314
  5.52918339  6.45071411  7.37224483  8.29377556  9.21530628  10.136837
  11.0583668  11.9798975  12.9014282  13.8229589  14.7444897  15.6660204
  16.5875511  17.5090809  18.4306126  19.3521423  20.273674  21.1952038
  22.1167336  23.0382652  23.959795  24.8813267  25.8028564  26.7243881
  27.6459179  28.5674496  29.4889793  30.4105091  31.3320408  32.2535706
  33.1751022  34.0966339  35.0181618  35.9396935  36.8612251  37.782753
  38.7042847  39.6258163  40.547348  41.4688759  42.3904076  43.3119392
  44.2334671  45.1549988  46.0765305  46.9980621  47.91959  48.8411217
  49.7626534  50.684185  51.6057129  52.5272446  53.4487762  54.3703041
  55.2918358  56.2133675  57.1348991  58.056427  58.9779587  59.8994904
  60.8210182  61.7425499  62.6640816  63.5856133  64.5071411  65.4286728
  66.3502045  67.2717361  68.1932678  69.1147919  70.0363235  70.9578552
  71.8793869  72.8009186  73.7224503  74.6439819  75.565506  76.4870377
  77.4085693  78.330101  79.2516327  80.1731644  81.094696  82.0162201
  82.9377518  83.8592834  84.7808151  85.7023468  86.6238785  87.5454102
  88.4669342  89.3884659  90.3099976
 yell  645.306091  645.718506  646.124695  646.524841  646.918762  647.306641
  647.688354  648.064026  648.433594  648.797119  649.154602  649.506042
  649.851501  650.190918  650.524353  650.851807  651.173279  651.48877
  651.798279  652.101929  652.399597  652.691284  652.977112  653.257019
  653.531006  653.799133  654.06134  654.317627  654.568115  654.812683
  655.051392  655.28418  655.511169  655.7323  655.947571  656.156982
  656.360596  656.558289  656.750183  656.936218  657.116455  657.290833
  657.459351  657.622009  657.77887  657.929932  658.075073  658.214417
  658.3479  658.475586  658.597412  658.713379  658.823486  658.927734
  659.026123  659.118652  659.205261  659.286072  659.360962  659.429993
  659.493164  659.550354  659.601685  659.647156  659.686646  659.720215
  659.747864  659.769531  659.785278  659.795044  659.798889  659.796692
  659.788513  659.774353  659.75415  659.727905  659.695618  659.657288
  659.612915  659.562439  659.505859  659.443115  659.374329  659.299377
  659.218201  659.13092  659.037415  658.937744  658.831787  658.719604
  658.601135  658.476379  658.345337  658.207947  658.064209  657.914124
  657.757629  657.594727  657.425354
 Mirror  10 *  finished
  Mirror * 11 * begins
 xhyp  0.  0.973214269  1.94642854  2.91964293  3.89285707  4.86607122
  5.83928585  6.8125  7.78571415  8.7589283  9.73214245  10.7053566  11.6785717
  12.6517859  13.625  14.5982141  15.5714283  16.5446434  17.5178566
  18.4910717  19.4642849  20.4375  21.4107132  22.3839283  23.3571434
  24.3303566  25.3035717  26.2767849  27.25  28.2232132  29.1964283  30.1696415
  31.1428566  32.1160698  33.0892868  34.0625  35.0357132  36.0089264
  36.9821434  37.9553566  38.9285698  39.9017868  40.875  41.8482132
  42.8214264  43.7946434  44.7678566  45.7410698  46.7142868  47.6875
  48.6607132  49.6339264  50.6071434  51.5803566  52.5535698  53.526783  54.5
  55.4732132  56.4464264  57.4196434  58.3928566  59.3660698  60.339283
  61.3125  62.2857132  63.2589264  64.2321396  65.2053528  66.1785736
  67.1517868  68.125  69.0982132  70.0714264  71.0446396  72.0178528
  72.9910736  73.9642868  74.9375  75.9107132  76.8839264  77.8571396
  78.8303528  79.8035736  80.7767868  81.75  82.7232132  83.6964264  84.6696396
  85.6428528  86.6160736  87.5892868  88.5625  89.5357132  90.5089264
  91.4821396  92.4553528  93.4285736  94.4017868  95.375
 yhyp  579.367004  579.436829  579.506592  579.576172  579.645569  579.714844
  579.783936  579.852844  579.92157  579.990112  580.058411  580.126526
  580.194458  580.262146  580.329651  580.396851  580.463867  580.530579
  580.597046  580.663208  580.729065  580.794678  580.859924  580.924866
  580.989441  581.05365  581.117493  581.180969  581.243958  581.30658
  581.368713  581.430359  581.491577  581.552185  581.612244  581.671753
  581.730652  581.788879  581.846436  581.903259  581.959351  582.014587
  582.069031  582.122559  582.17511  582.226685  582.277161  582.326477
  582.374573  582.421387  582.466858  582.510803  582.553223  582.593933
  582.632874  582.669922  582.704834  582.73761  582.767944  582.795776
  582.820801  582.842957  582.861877  582.87738  582.88916  582.896973
  582.900452  582.899292  582.893066  582.88147  582.864075  582.840332
  582.809814  582.772095  582.726501  582.672668  582.609924  582.537781
  582.455627  582.363037  582.259399  582.144348  582.017517  581.87854
  581.727112  581.563171  581.386597  581.19751  580.995972  580.782227
  580.55658  580.319397  580.071106  579.812317  579.543396  579.264893
  578.977478  578.68158  578.377808
 xell  0.  0.998877525  1.99775505  2.99663258  3.9955101  4.99438763
  5.99326515  6.99214268  7.9910202  8.98989773  9.98877525  10.9876528
  11.9865303  12.9854078  13.9842854  14.9831629  15.9820404  16.9809189
  17.9797955  18.978672  19.9775505  20.976429  21.9753056  22.9741821
  23.9730606  24.9719391  25.9708157  26.9696922  27.9685707  28.9674492
  29.9663258  30.9652023  31.9640808  32.9629593  33.9618378  34.9607124
  35.9595909  36.9584694  37.9573441  38.9562225  39.955101  40.9539795
  41.952858  42.9517326  43.9506111  44.9494896  45.9483643  46.9472427
  47.9461212  48.9449997  49.9438782  50.9427528  51.9416313  52.9405098
  53.9393845  54.9382629  55.9371414  56.9360199  57.9348984  58.933773
  59.9326515  60.93153  61.9304047  62.9292831  63.9281616  64.9270401
  65.9259186  66.9247971  67.9236755  68.9225464  69.9214249  70.9203033
  71.9191818  72.9180603  73.9169388  74.9158173  75.9146881  76.9135666
  77.9124451  78.9113235  79.910202  80.9090805  81.907959  82.9068375
  83.9057159  84.9045868  85.9034653  86.9023438  87.9012222  88.9001007
  89.8989792  90.8978577  91.8967285  92.895607  93.8944855  94.893364
  95.8922424  96.8911209  97.8899994
 yell  644.660156  645.10144  645.535828  645.963257  646.383789  646.797424
  647.204163  647.604065  647.997131  648.383301  648.762695  649.135315
  649.501099  649.860046  650.21228  650.557739  650.896423  651.228333
  651.553589  651.872009  652.183777  652.488831  652.787109  653.078735
  653.363647  653.641846  653.913391  654.178223  654.43634  654.687805
  654.932617  655.170715  655.402161  655.626953  655.845032  656.056458
  656.26123  656.45929  656.650696  656.835449  657.013489  657.184875
  657.349548  657.507507  657.658813  657.803406  657.941284  658.072449
  658.196899  658.314697  658.425659  658.529968  658.627441  658.718262
  658.802246  658.879456  658.94989  659.01355  659.070374  659.120422
  659.163574  659.199951  659.229431  659.252014  659.267761  659.27655
  659.278442  659.273376  659.261414  659.242432  659.216492  659.183533
  659.143555  659.096497  659.042358  658.981201  658.912903  658.837463
  658.754822  658.665039  658.568054  658.463867  658.352356  658.233582
  658.107544  657.974121  657.833313  657.68512  657.52948  657.366394
  657.195862  657.0177  656.832092  656.638794  656.437927  656.22937
  656.013062  655.789062  655.557251
 Mirror  11 *  finished
  Mirror * 12 * begins
 xhyp  0.  1.04100001  2.08200002  3.12300014  4.16400003  5.20499992
  6.24600029  7.28700018  8.32800007  9.36900043  10.4099998  11.4510002
  12.4920006  13.533  14.5740004  15.6149998  16.6560001  17.6970005
  18.7380009  19.7789993  20.8199997  21.8610001  22.9020004  23.9430008
  24.9840012  26.0249996  27.066  28.1070004  29.1480007  30.1890011
  31.2299995  32.2709999  33.3120003  34.3530006  35.394001  36.4350014
  37.4760017  38.5170021  39.5579987  40.598999  41.6399994  42.6809998
  43.7220001  44.7630005  45.8040009  46.8450012  47.8860016  48.927002
  49.9680023  51.0089989  52.0499992  53.0909996  54.132  55.1730003
  56.2140007  57.2550011  58.2960014  59.3370018  60.3780022  61.4189987
  62.4599991  63.5009995  64.5419998  65.5830002  66.6240005  67.6650009
  68.7060013  69.7470016  70.788002  71.8290024  72.8700027  73.9110031
  74.9520035  75.9930038  77.0340042  78.0749969  79.1159973  80.1569977
  81.197998  82.2389984  83.2799988  84.3209991  85.3619995  86.4029999
  87.4440002  88.4850006  89.526001  90.5670013  91.6080017  92.6490021
  93.6900024  94.7310028  95.7720032  96.8130035  97.8540039  98.8950043
  99.9360046  100.976997  102.017998
 yhyp  575.255127  575.320618  575.386108  575.451477  575.516785  575.58197
  575.647095  575.712097  575.777039  575.841919  575.906616  575.971252
  576.035828  576.10022  576.16449  576.228699  576.292725  576.356628
  576.42041  576.48407  576.547546  576.61084  576.674011  576.737  576.799805
  576.862366  576.924805  576.987  577.049011  577.110779  577.172302
  577.233582  577.294556  577.355286  577.41571  577.47583  577.535583
  577.595032  577.654053  577.712769  577.770996  577.828796  577.886169
  577.942993  577.999329  578.055054  578.110229  578.164673  578.218506
  578.271545  578.323792  578.375183  578.425598  578.475098  578.523438
  578.570618  578.616516  578.661072  578.704041  578.745422  578.784973
  578.82251  578.85791  578.890869  578.921204  578.948608  578.972778
  578.993286  579.009766  579.021729  579.028687  579.029968  579.024963
  579.012756  578.992493  578.963196  578.923767  578.872864  578.809204
  578.731201  578.63739  578.526062  578.395813  578.245056  578.072571
  577.877319  577.658691  577.416504  577.15094  576.862732  576.552734
  576.22229  575.872925  575.506104  575.123535  574.726685  574.317078
  573.896057  573.464844
 xell  0.  1.08020413  2.16040826  3.24061251  4.32081652  5.40102053
  6.48122501  7.56142902  8.64163303  9.72183704  10.8020411  11.8822451
  12.96245  14.042654  15.122858  16.2030621  17.2832661  18.3634701
  19.4436741  20.5238781  21.6040821  22.6842861  23.7644901  24.8446941
  25.9249001  27.0051041  28.0853081  29.1655121  30.2457161  31.3259201
  32.4061241  33.4863281  34.5665321  35.6467361  36.7269402  37.8071442
  38.8873482  39.9675522  41.0477562  42.1279602  43.2081642  44.2883682
  45.3685722  46.4487762  47.5289803  48.6091843  49.6893883  50.7695923
  51.8498001  52.9300041  54.0102081  55.0904121  56.1706161  57.2508202
  58.3310242  59.4112282  60.4914322  61.5716362  62.6518402  63.7320442
  64.8122482  65.8924484  66.9726562  68.0528564  69.1330643  70.2132721
  71.2934723  72.3736801  73.4538803  74.5340881  75.6142883  76.6944962
  77.7746964  78.8549042  79.9351044  81.0153122  82.0955124  83.1757202
  84.2559204  85.3361282  86.4163284  87.4965363  88.5767365  89.6569443
  90.7371445  91.8173523  92.8975525  93.9777603  95.0579605  96.1381683
  97.2183685  98.2985764  99.3787766  100.458984  101.539185  102.619392
  103.6996  104.7798  105.860008
 yell  639.628845  640.124512  640.612488  641.092834  641.565552  642.03064
  642.48822  642.938171  643.380676  643.815613  644.243103  644.663086
  645.075684  645.480835  645.87854  646.268921  646.651855  647.027466
  647.395752  647.756653  648.110291  648.456604  648.795654  649.12738
  649.451904  649.769165  650.079163  650.381897  650.67749  650.96582
  651.246948  651.520935  651.787659  652.047241  652.299622  652.544861
  652.782959  653.013855  653.23761  653.454224  653.663635  653.865967
  654.061096  654.249146  654.429993  654.60376  654.770325  654.92981
  655.082092  655.227234  655.365234  655.496094  655.619812  655.736389
  655.845764  655.947937  656.04303  656.130859  656.211548  656.285034
  656.351257  656.410339  656.462158  656.506775  656.544189  656.57428
  656.597168  656.612732  656.621033  656.62207  656.615723  656.602112
  656.581116  656.552795  656.51709  656.473999  656.423462  656.36554
  656.300171  656.227295  656.146973  656.059143  655.963806  655.860901
  655.750427  655.632385  655.506714  655.373352  655.232361  655.083679
  654.927246  654.763123  654.591187  654.411438  654.223816  654.028381
  653.825012  653.613708  653.39447
 Mirror  12 *  finished
  Mirror * 13 * begins
 xhyp  0.  1.11103058  2.22206116  3.33309174  4.44412231  5.55515289
  6.66618347  7.77721405  8.88824463  9.99927521  11.1103058  12.2213364
  13.3323669  14.4433975  15.5544281  16.6654587  17.7764893  18.8875198
  19.9985504  21.109581  22.2206116  23.3316422  24.4426727  25.5537033
  26.6647339  27.7757645  28.886795  29.9978256  31.1088562  32.2198868
  33.3309174  34.4419479  35.5529785  36.6640091  37.7750397  38.8860703
  39.9971008  41.1081314  42.219162  43.3301926  44.4412231  45.5522537
  46.6632843  47.7743149  48.8853455  49.996376  51.1074066  52.2184372
  53.3294678  54.4404984  55.5515289  56.6625595  57.7735901  58.8846207
  59.9956512  61.1066818  62.2177124  63.328743  64.4397736  65.5508041
  66.6618347  67.7728653  68.8838959  69.9949265  71.105957  72.2169876
  73.3280182  74.4390488  75.5500793  76.6611099  77.7721405  78.8831711
  79.9942017  81.1052322  82.2162628  83.3272934  84.438324  85.5493546
  86.6603851  87.7714157  88.8824463  89.9934769  91.1045074  92.215538
  93.3265686  94.4375992  95.5486298  96.6596603  97.7706909  98.8817215
  99.9927521  101.103783  102.214813  103.325844  104.436874  105.547905
  106.658936  107.769966  108.880997
 yhyp  570.343079  570.411682  570.480225  570.548584  570.616821  570.684875
  570.752808  570.820618  570.888245  570.95575  571.02301  571.090149
  571.157104  571.223816  571.290344  571.356689  571.422852  571.488708
  571.554382  571.619812  571.684998  571.749878  571.814514  571.878845
  571.942932  572.006653  572.070007  572.133057  572.19574  572.258057
  572.320007  572.38147  572.442566  572.503113  572.563232  572.622864
  572.681885  572.740417  572.798279  572.85553  572.91217  572.968018
  573.023132  573.077515  573.130981  573.183594  573.235168  573.285828
  573.335327  573.383728  573.430847  573.476624  573.521057  573.563904
  573.605164  573.644653  573.682251  573.717773  573.75116  573.782104
  573.810547  573.836182  573.858826  573.878174  573.893982  573.905884
  573.913574  573.916687  573.914795  573.90741  573.894043  573.874207
  573.847229  573.8125  573.769348  573.717041  573.654785  573.581848
  573.497314  573.40033  573.290222  573.166077  573.027283  572.873108
  572.703064  572.516724  572.313904  572.094482  571.858521  571.606384
  571.338379  571.055054  570.757141  570.445251  570.120239  569.782898
  569.434082  569.074585  568.705261
 xell  0.  1.01826537  2.03653073  3.05479622  4.07306147  5.09132671
  6.10959244  7.12785769  8.14612293  9.16438866  10.1826534  11.2009192
  12.2191849  13.2374496  14.2557154  15.2739801  16.2922459  17.3105106
  18.3287773  19.3470421  20.3653069  21.3835735  22.4018383  23.4201031
  24.4383698  25.4566345  26.4748993  27.4931641  28.5114307  29.5296955
  30.5479603  31.566227  32.5844917  33.6027565  34.6210213  35.639286
  36.6575546  37.6758194  38.6940842  39.7123489  40.7306137  41.7488785
  42.7671471  43.7854118  44.8036766  45.8219414  46.8402061  47.8584709
  48.8767395  49.8950043  50.913269  51.9315338  52.9497986  53.9680634
  54.9863281  56.0045967  57.0228615  58.0411263  59.059391  60.0776558
  61.0959206  62.1141891  63.1324539  64.1507187  65.1689835  66.1872482
  67.205513  68.2237778  69.2420425  70.2603073  71.2785721  72.2968445
  73.3151093  74.333374  75.3516388  76.3699036  77.3881683  78.4064331
  79.4246979  80.4429626  81.4612274  82.4794922  83.497757  84.5160217
  85.5342941  86.5525589  87.5708237  88.5890884  89.6073532  90.625618
  91.6438828  92.6621475  93.6804123  94.6986771  95.7169418  96.7352066
  97.753479  98.7717438  99.7900085
 yell  638.458374  638.924622  639.384338  639.837463  640.284119  640.724182
  641.157715  641.584778  642.005371  642.419495  642.827209  643.228455
  643.623291  644.011719  644.393738  644.769409  645.138672  645.501648
  645.858215  646.208496  646.552429  646.890015  647.221375  647.546387
  647.865112  648.177612  648.483765  648.783752  649.077393  649.364807
  649.645996  649.920959  650.189697  650.452209  650.708435  650.958496
  651.202332  651.439941  651.671387  651.896606  652.115601  652.328369
  652.534973  652.735413  652.929565  653.117554  653.299377  653.474915
  653.644287  653.807495  653.964478  654.115173  654.259766  654.398071
  654.530151  654.656006  654.775635  654.889038  654.996216  655.097168
  655.191833  655.280212  655.362305  655.438171  655.507751  655.571045
  655.627991  655.678711  655.723022  655.761047  655.792725  655.818054
  655.836975  655.849609  655.855774  655.855591  655.848938  655.835876
  655.816406  655.790405  655.757996  655.719055  655.673645  655.621643
  655.563171  655.498108  655.426453  655.348206  655.263367  655.171875
  655.07373  654.968872  654.857361  654.739075  654.614075  654.4823
  654.343689  654.198303  654.046082
 Mirror  13 *  finished
  Mirror * 14 * begins
 xhyp  0.  1.18387747  2.36775494  3.5516324  4.73550987  5.91938734
  7.10326481  8.2871418  9.47101974  10.6548977  11.8387747  13.0226517
  14.2065296  15.3904076  16.5742836  17.7581615  18.9420395  20.1259174
  21.3097954  22.4936714  23.6775494  24.8614273  26.0453033  27.2291813
  28.4130592  29.5969372  30.7808151  31.9646912  33.1485672  34.3324471
  35.5163231  36.7002029  37.884079  39.067955  40.2518349  41.4357109
  42.6195908  43.8034668  44.9873428  46.1712227  47.3550987  48.5389748
  49.7228546  50.9067307  52.0906067  53.2744865  54.4583626  55.6422424
  56.8261185  58.0099945  59.1938744  60.3777504  61.5616302  62.7455063
  63.9293823  65.1132584  66.2971344  67.4810181  68.6648941  69.8487701
  71.0326462  72.2165222  73.4004059  74.5842819  75.768158  76.952034
  78.13591  79.3197937  80.5036697  81.6875458  82.8714218  84.0552979
  85.2391815  86.4230576  87.6069336  88.7908096  89.9746857  91.1585617
  92.3424454  93.5263214  94.7101974  95.8940735  97.0779495  98.2618332
  99.4457092  100.629585  101.813461  102.997337  104.181213  105.365097
  106.548973  107.732849  108.916725  110.100601  111.284485  112.468361
  113.652237  114.836113  116.019989
 yhyp  563.134216  563.236328  563.338318  563.440063  563.541687  563.643066
  563.744202  563.845154  563.945923  564.046448  564.146667  564.246704
  564.346436  564.445984  564.545166  564.644104  564.742737  564.841064
  564.939026  565.036682  565.134033  565.230957  565.327515  565.423645
  565.519409  565.614746  565.709595  565.803955  565.897888  565.991211
  566.084045  566.176331  566.268005  566.359009  566.449402  566.539124
  566.628052  566.716248  566.80365  566.890198  566.97583  567.060486
  567.144226  567.226807  567.30835  567.388672  567.467712  567.545471
  567.621765  567.696533  567.769714  567.841125  567.910767  567.978394
  568.043945  568.107239  568.168152  568.22644  568.281982  568.334534
  568.38385  568.429688  568.471802  568.509827  568.543518  568.572449
  568.596191  568.614441  568.626587  568.632202  568.630676  568.621338
  568.603638  568.576782  568.540039  568.492493  568.43335  568.361572
  568.276367  568.176575  568.061218  567.929382  567.78009  567.612305
  567.425293  567.218384  566.990845  566.742432  566.472778  566.181885
  565.869934  565.53717  565.184204  564.811646  564.420288  564.010925
  563.584656  563.142334  562.685059
 xell  0.  1.12010205  2.2402041  3.36030626  4.48040819  5.60051012
  6.72061253  7.84071445  8.96081638  10.0809183  11.2010202  12.3211222
  13.4412251  14.561327  15.6814289  16.8015308  17.9216328  19.0417347
  20.1618366  21.2819386  22.4020405  23.5221424  24.6422443  25.7623463
  26.8824501  28.002552  29.122654  30.2427559  31.3628578  32.4829597
  33.6030617  34.7231636  35.8432655  36.9633675  38.0834694  39.2035713
  40.3236732  41.4437752  42.5638771  43.683979  44.804081  45.9241829
  47.0442848  48.1643867  49.2844887  50.4045906  51.5246925  52.6447945
  53.7649002  54.8850021  56.0051041  57.125206  58.2453079  59.3654099
  60.4855118  61.6056137  62.7257156  63.8458176  64.9659195  66.0860214
  67.2061234  68.3262253  69.4463272  70.5664291  71.6865311  72.806633
  73.9267349  75.0468369  76.1669388  77.2870407  78.4071426  79.5272446
  80.6473465  81.7674484  82.8875504  84.0076523  85.1277542  86.2478561
  87.3679581  88.48806  89.6081619  90.7282639  91.8483658  92.9684677
  94.0885696  95.2086716  96.3287735  97.4488754  98.5689774  99.6890793
  100.809181  101.929283  103.049385  104.169487  105.289589  106.409691
  107.5298  108.649902  109.770004
 yell  635.286438  635.8125  636.331055  636.842102  637.345642  637.841797
  638.330505  638.81189  639.285828  639.752441  640.211731  640.663757
  641.108459  641.545898  641.976135  642.399109  642.81488  643.22345
  643.624878  644.019165  644.406311  644.786316  645.159241  645.525024
  645.883728  646.235413  646.580017  646.917603  647.248108  647.571594
  647.888123  648.197571  648.500122  648.795593  649.084167  649.365723
  649.64032  649.90802  650.168701  650.422485  650.669312  650.909241
  651.142212  651.368225  651.587402  651.799561  652.004883  652.203247
  652.394714  652.579224  652.756897  652.927612  653.091431  653.248291
  653.398254  653.541321  653.677429  653.806641  653.928894  654.04425
  654.152649  654.254089  654.348633  654.436157  654.516724  654.590332
  654.656982  654.716614  654.769287  654.81488  654.853516  654.885132
  654.909668  654.927185  654.937683  654.94104  654.937317  654.926514
  654.90863  654.883545  654.851379  654.812012  654.765442  654.711731
  654.650818  654.582642  654.507202  654.4245  654.334534  654.237244
  654.132568  654.02063  653.901245  653.774475  653.64032  653.498657
  653.349548  653.192932  653.028748
 Mirror  14 *  finished
  Mirror * 15 * begins
 xhyp  0.  1.25636733  2.51273465  3.7691021  5.0254693  6.28183651  7.53820419
  8.79457092  10.0509386  11.3073063  12.563673  13.8200407  15.0764084
  16.3327751  17.5891418  18.8455105  20.1018772  21.3582439  22.6146126
  23.8709793  25.127346  26.3837147  27.6400814  28.8964481  30.1528168
  31.4091835  32.6655502  33.921917  35.1782837  36.4346542  37.691021
  38.9473877  40.2037544  41.4601212  42.7164879  43.9728546  45.2292252
  46.4855919  47.7419586  48.9983253  50.2546921  51.5110588  52.7674294
  54.0237961  55.2801628  56.5365295  57.7928963  59.049263  60.3056335
  61.5620003  62.818367  64.0747299  65.3311005  66.587471  67.8438339
  69.1002045  70.3565674  71.6129379  72.8693085  74.1256714  75.3820419
  76.6384048  77.8947754  79.1511383  80.4075089  81.6638794  82.9202423
  84.1766129  85.4329758  86.6893463  87.9457092  89.2020798  90.4584503
  91.7148132  92.9711838  94.2275467  95.4839172  96.7402878  97.9966507
  99.2530212  100.509384  101.765755  103.022118  104.278488  105.534859
  106.791222  108.047592  109.303955  110.560326  111.816689  113.073059
  114.32943  115.585793  116.842163  118.098526  119.354897  120.611267
  121.86763  123.124001
 yhyp  554.944702  555.073669  555.202515  555.331177  555.459595  555.587891
  555.716003  555.843933  555.971619  556.099121  556.226379  556.353394
  556.480225  556.606812  556.733093  556.859131  556.984924  557.110413
  557.235657  557.360535  557.485107  557.609375  557.733276  557.856812
  557.979919  558.102722  558.225037  558.346985  558.468445  558.589478
  558.709961  558.829956  558.949402  559.068298  559.186646  559.30426
  559.421326  559.537598  559.653198  559.768005  559.882019  559.995178
  560.107422  560.21875  560.329041  560.438232  560.546326  560.653198
  560.758789  560.862976  560.965759  561.066956  561.166565  561.264343
  561.360229  561.454102  561.545837  561.635193  561.722046  561.806274
  561.887512  561.965637  562.040344  562.11145  562.178528  562.241333
  562.299438  562.352417  562.399902  562.441345  562.476257  562.503967
  562.523865  562.535217  562.537231  562.529114  562.509949  562.478699
  562.434326  562.375793  562.30188  562.211487  562.103333  561.976379
  561.829468  561.66156  561.471741  561.259338  561.023743  560.764587
  560.481873  560.17572  559.846436  559.49469  559.121155  558.726929
  558.312866  557.880249  557.430115
 xell  0.  1.21122444  2.42244887  3.63367319  4.84489775  6.0561223
  7.26734638  8.47857094  9.68979549  10.9010201  12.1122446  13.3234692
  14.5346928  15.7459173  16.9571419  18.1683674  19.379591  20.5908146
  21.8020401  23.0132637  24.2244892  25.4357128  26.6469383  27.8581619
  29.0693855  30.280611  31.4918346  32.7030602  33.9142838  35.1255074
  36.3367348  37.5479584  38.759182  39.9704056  41.1816292  42.3928566
  43.6040802  44.8153038  46.0265274  47.2377548  48.4489784  49.660202
  50.8714256  52.0826492  53.2938766  54.5051003  55.7163239  56.9275475
  58.1387711  59.3499985  60.5612221  61.7724457  62.9836693  64.1948929
  65.4061203  66.6173477  67.8285675  69.0397949  70.2510147  71.4622421
  72.6734695  73.8846893  75.0959167  76.3071365  77.518364  78.7295914
  79.9408112  81.1520386  82.3632584  83.5744858  84.7857132  85.996933
  87.2081604  88.4193802  89.6306076  90.841835  92.0530548  93.2642822
  94.4755096  95.6867294  96.8979568  98.1091766  99.3204041  100.531631
  101.742851  102.954079  104.165298  105.376526  106.587753  107.798973
  109.010201  110.22142  111.432648  112.643875  113.855095  115.066322
  116.277542  117.48877  118.699997
 yell  628.392761  628.986633  629.571777  630.148315  630.716187  631.275513
  631.826294  632.36853  632.902283  633.427612  633.944458  634.452881
  634.952942  635.444702  635.92804  636.403137  636.869873  637.328369
  637.778687  638.220703  638.654541  639.0802  639.49762  639.906982
  640.308167  640.701233  641.086182  641.463013  641.831787  642.192505
  642.545166  642.889771  643.226379  643.554932  643.875488  644.188049
  644.492554  644.789124  645.077698  645.358276  645.63092  645.895569
  646.152283  646.401001  646.641724  646.874573  647.099426  647.316284
  647.525269  647.726257  647.91925  648.10437  648.281433  648.450623
  648.611755  648.764954  648.910156  649.047424  649.176636  649.297913
  649.411133  649.516357  649.613525  649.702698  649.783752  649.856812
  649.921814  649.978699  650.027466  650.068115  650.100708  650.125122
  650.141357  650.149414  650.149292  650.14093  650.12439  650.099548
  650.066406  650.025024  649.975342  649.917236  649.85083  649.776001
  649.692749  649.601074  649.500916  649.392273  649.275024  649.149292
  649.014954  648.871948  648.720337  648.559998  648.39093  648.213135
  648.026489  647.830994  647.626648
 Mirror  15 *  finished
  Mirror * 16 * begins
 xhyp  0.  1.32454073  2.64908147  3.97362232  5.29816294  6.62270355
  7.94724464  9.27178478  10.5963259  11.920867  13.2454071  14.5699482
  15.8944893  17.2190304  18.5435696  19.8681107  21.1926517  22.5171928
  23.8417339  25.1662731  26.4908142  27.8153553  29.1398964  30.4644375
  31.7889786  33.1135178  34.4380608  35.7625999  37.0871391  38.4116821
  39.7362213  41.0607643  42.3853035  43.7098427  45.0343857  46.3589249
  47.6834679  49.008007  50.3325462  51.6570892  52.9816284  54.3061714
  55.6307106  56.9552498  58.2797928  59.604332  60.928875  62.2534142
  63.5779572  64.9024963  66.2270355  67.5515747  68.8761215  70.2006607
  71.5251999  72.8497391  74.1742783  75.4988251  76.8233643  78.1479034
  79.4724426  80.7969818  82.1215286  83.4460678  84.770607  86.0951462
  87.4196854  88.7442322  90.0687714  91.3933105  92.7178497  94.0423889
  95.3669357  96.6914749  98.0160141  99.3405533  100.665092  101.989639
  103.314178  104.638718  105.963257  107.287796  108.612343  109.936882
  111.261421  112.58596  113.9105  115.235046  116.559586  117.884125
  119.208664  120.533203  121.85775  123.182289  124.506828  125.831367
  127.155914  128.480453  129.804993
 yhyp  550.52002  550.629761  550.73938  550.848755  550.958069  551.067139
  551.176086  551.284851  551.393372  551.50177  551.609924  551.717957
  551.825684  551.933228  552.040588  552.147644  552.254456  552.361084
  552.467346  552.573425  552.679138  552.784607  552.889771  552.994568
  553.09906  553.203186  553.306946  553.410339  553.513306  553.615845
  553.717957  553.819641  553.920837  554.021484  554.121643  554.221191
  554.32019  554.418579  554.516296  554.613342  554.709656  554.805237
  554.900024  554.993958  555.086975  555.179016  555.270142  555.360107
  555.448975  555.536682  555.623047  555.708069  555.791626  555.873657
  555.953979  556.032532  556.109192  556.183777  556.256165  556.326233
  556.393677  556.458374  556.520142  556.578613  556.633667  556.684875
  556.731934  556.774536  556.812256  556.844604  556.871094  556.891235
  556.904358  556.909851  556.90686  556.894714  556.872437  556.838989
  556.793396  556.734497  556.661011  556.571655  556.465027  556.339783
  556.194458  556.027649  555.838074  555.624451  555.385864  555.121338
  554.830444  554.512817  554.168518  553.797852  553.401428  552.980164
  552.535034  552.067383  551.578491
 xell  0.  1.2945919  2.58918381  3.88377571  5.17836761  6.47295952
  7.76755142  9.06214333  10.3567352  11.6513271  12.945919  14.2405109
  15.5351028  16.8296947  18.1242867  19.4188786  20.7134705  22.0080624
  23.3026543  24.5972462  25.8918381  27.18643  28.4810219  29.7756138
  31.0702057  32.3647995  33.6593895  34.9539795  36.2485733  37.5431671
  38.8377571  40.1323471  41.4269409  42.7215347  44.0161247  45.3107147
  46.6053085  47.8999023  49.1944923  50.4890823  51.7836761  53.07827
  54.37286  55.66745  56.9620438  58.2566376  59.5512276  60.8458176
  62.1404114  63.4350052  64.729599  66.0241852  67.318779  68.6133728
  69.907959  71.2025528  72.4971466  73.7917404  75.0863342  76.3809204
  77.6755142  78.970108  80.2646942  81.559288  82.8538818  84.1484756
  85.4430695  86.7376556  88.0322495  89.3268433  90.6214294  91.9160233
  93.2106171  94.5052109  95.7998047  97.0943909  98.3889847  99.6835785
  100.978165  102.272758  103.567352  104.861946  106.15654  107.451126
  108.74572  110.040314  111.3349  112.629494  113.924088  115.218681
  116.513275  117.807861  119.102455  120.397049  121.691635  122.986229
  124.280823  125.575417  126.87001
 yell  621.232117  621.891479  622.541138  623.180969  623.811157  624.431702
  625.042603  625.643921  626.235718  626.817932  627.390747  627.954102
  628.507996  629.052551  629.587769  630.113647  630.630188  631.137451
  631.635498  632.124329  632.603882  633.074341  633.535583  633.987671
  634.430664  634.864563  635.289368  635.705078  636.111755  636.509399
  636.89801  637.277588  637.648193  638.009766  638.362366  638.705994
  639.04071  639.366394  639.683167  639.990967  640.289856  640.579834
  640.86084  641.132935  641.396057  641.650269  641.895569  642.131958
  642.359375  642.577881  642.787476  642.988098  643.17981  643.362549
  643.536316  643.701111  643.856995  644.003845  644.141724  644.270569
  644.390381  644.501221  644.603027  644.69574  644.779358  644.853943
  644.919373  644.975708  645.022888  645.060913  645.089783  645.109375
  645.119812  645.120972  645.112854  645.095398  645.068665  645.032532
  644.987061  644.932129  644.867737  644.793945  644.710571  644.617676
  644.515198  644.403076  644.281311  644.149841  644.008667  643.857727
  643.696899  643.526245  643.345703  643.155151  642.954651  642.74408
  642.523376  642.292542  642.051514
 Mirror  16 *  finished
   Mirror * 17 * begins
 xhyp  0.  1.38965309  2.77930617  4.16895914  5.55861235  6.94826555
  8.33791828  9.72757149  11.1172247  12.5068779  13.8965311  15.2861843
  16.6758366  18.0654907  19.455143  20.8447971  22.2344494  23.6241016
  25.0137558  26.4034081  27.7930622  29.1827145  30.5723686  31.9620209
  33.3516731  34.7413254  36.1309814  37.5206337  38.9102859  40.2999382
  41.6895943  43.0792465  44.4688988  45.858551  47.2482033  48.6378593
  50.0275116  51.4171638  52.8068161  54.1964722  55.5861244  56.9757767
  58.3654289  59.7550812  61.1447372  62.5343895  63.9240417  65.3136978
  66.7033463  68.0930023  69.4826508  70.8723068  72.2619629  73.6516113
  75.0412674  76.4309235  77.8205719  79.210228  80.5998764  81.9895325
  83.3791885  84.768837  86.158493  87.5481415  88.9377975  90.3274536
  91.7171021  93.1067581  94.4964066  95.8860626  97.2757187  98.6653671
  100.055023  101.444672  102.834328  104.223984  105.613632  107.003288
  108.392944  109.782593  111.172249  112.561897  113.951553  115.341209
  116.730858  118.120514  119.510162  120.899818  122.289474  123.679123
  125.068779  126.458427  127.848083  129.237732  130.627396  132.017044
  133.406693  134.796356  136.186005
 yhyp  543.49231  543.610168  543.727905  543.845459  543.962952  544.0802
  544.197388  544.314331  544.431152  544.547791  544.664307  544.780579
  544.896667  545.012573  545.128296  545.243774  545.359009  545.47406
  545.588867  545.70343  545.817688  545.931763  546.045471  546.158936
  546.272095  546.384949  546.497498  546.60968  546.721497  546.832947
  546.944031  547.054688  547.164917  547.274719  547.384033  547.492859
  547.601135  547.708923  547.816101  547.922729  548.028687  548.134033
  548.238647  548.342468  548.445557  548.547852  548.649231  548.749695
  548.849121  548.947571  549.044861  549.141052  549.235901  549.329468
  549.42157  549.512085  549.601074  549.688232  549.773499  549.85675
  549.937805  550.016541  550.092712  550.166138  550.236572  550.303833
  550.367554  550.427429  550.483215  550.534424  550.580688  550.621521
  550.656372  550.684753  550.705933  550.719177  550.723755  550.71875
  550.703186  550.675964  550.635925  550.581787  550.512085  550.425476
  550.320251  550.194885  550.047791  549.877197  549.681702  549.459839
  549.210388  548.932495  548.625488  548.289124  547.923462  547.528931
  547.106384  546.656921  546.181763
 xell  0.  1.37214291  2.74428582  4.11642885  5.48857164  6.86071444
  8.2328577  9.6050005  10.9771433  12.3492861  13.7214289  15.0935717
  16.4657154  17.8378582  19.210001  20.5821438  21.9542866  23.3264294
  24.6985722  26.070715  27.4428577  28.8150005  30.1871433  31.5592861
  32.9314308  34.3035736  35.6757164  37.0478592  38.420002  39.7921448
  41.1642876  42.5364304  43.9085732  45.2807159  46.6528587  48.0250015
  49.3971443  50.7692871  52.1414299  53.5135727  54.8857155  56.2578583
  57.6300011  59.0021439  60.3742867  61.7464294  63.1185722  64.490715
  65.8628616  67.2350006  68.6071472  69.9792862  71.3514328  72.7235718
  74.0957184  75.4678574  76.840004  78.2121429  79.5842896  80.9564285
  82.3285751  83.7007141  85.0728607  86.4449997  87.8171463  89.1892929
  90.5614319  91.9335785  93.3057175  94.6778641  96.0500031  97.4221497
  98.7942886  100.166435  101.538574  102.910721  104.28286  105.655006
  107.027145  108.399292  109.771431  111.143578  112.515717  113.887863
  115.260002  116.632149  118.004288  119.376434  120.748573  122.12072
  123.492859  124.865005  126.237144  127.609291  128.98143  130.353577
  131.725723  133.09787  134.470001
 yell  613.813171  614.538635  615.253235  615.957031  616.650146  617.332581
  618.004456  618.66571  619.316406  619.956604  620.586365  621.205688
  621.814636  622.413269  623.001526  623.57959  624.147339  624.704834
  625.252197  625.789429  626.316467  626.833374  627.340271  627.837036
  628.323792  628.800537  629.267212  629.723999  630.170776  630.607605
  631.034485  631.451477  631.858521  632.255737  632.643005  633.020447
  633.388  633.745728  634.093567  634.43158  634.759766  635.078125
  635.386597  635.685303  635.974121  636.253174  636.522339  636.781738
  637.03125  637.270935  637.500793  637.720764  637.930908  638.131165
  638.321533  638.502075  638.672668  638.833374  638.984131  639.124939
  639.255798  639.376709  639.48761  639.588501  639.679382  639.760254
  639.830994  639.891663  639.942139  639.982544  640.012756  640.032776
  640.042542  640.042053  640.031311  640.010193  639.97876  639.93689
  639.884583  639.821777  639.748535  639.664673  639.570251  639.465149
  639.349426  639.2229  639.085632  638.9375  638.778503  638.608582
  638.427673  638.235657  638.032593  637.818359  637.592834  637.356079
  637.10791  636.848328  636.577271
 Mirror  17 *  finished
  Mirror * 18 * begins
 xhyp  0.  1.45092857  2.90185714  4.35278559  5.80371428  7.25464296
  8.70557117  10.1564999  11.6074286  13.0583572  14.5092859  15.9602146
  17.4111423  18.862072  20.3129997  21.7639294  23.2148571  24.6657848
  26.1167145  27.5676422  29.0185719  30.4694996  31.9204292  33.371357
  34.8222847  36.2732124  37.724144  39.1750717  40.6259995  42.0769272
  43.5278587  44.9787865  46.4297142  47.8806419  49.3315697  50.7825012
  52.233429  53.6843567  55.1352844  56.586216  58.0371437  59.4880714
  60.9389992  62.3899269  63.8408585  65.2917862  66.7427139  68.1936417
  69.6445694  71.0954971  72.5464249  73.9973602  75.448288  76.8992157
  78.3501434  79.8010712  81.2519989  82.7029266  84.1538544  85.6047821
  87.0557175  88.5066452  89.9575729  91.4085007  92.8594284  94.3103561
  95.7612839  97.2122116  98.6631393  100.114075  101.565002  103.01593
  104.466858  105.917786  107.368713  108.819641  110.270569  111.721497
  113.172432  114.62336  116.074287  117.525215  118.976143  120.427071
  121.877998  123.328926  124.779854  126.230789  127.681717  129.132645
  130.583572  132.0345  133.485428  134.936356  136.387283  137.838211
  139.289139  140.740067  142.190994
 yhyp  536.318359  536.44165  536.564819  536.687805  536.810669  536.933411
  537.05603  537.178467  537.300781  537.422913  537.544861  537.666687
  537.788269  537.909729  538.030945  538.152039  538.272888  538.393494
  538.513916  538.634094  538.754028  538.873779  538.993225  539.112366
  539.231262  539.349915  539.468201  539.586182  539.703857  539.821167
  539.93811  540.054688  540.170898  540.286682  540.401978  540.516907
  540.631287  540.745239  540.858582  540.971436  541.083679  541.195312
  541.306335  541.416687  541.526245  541.635132  541.743164  541.850342
  541.956665  542.061951  542.166321  542.269531  542.371643  542.472473
  542.572021  542.670166  542.766846  542.861877  542.9552  543.046692
  543.136169  543.223511  543.308533  543.391052  543.470886  543.547791
  543.62146  543.691711  543.758118  543.820496  543.878296  543.931152
  543.978577  544.020081  544.054993  544.082642  544.102356  544.11322
  544.114319  544.104614  544.082947  544.048096  543.998535  543.932922
  543.849487  543.746582  543.622314  543.474915  543.30249  543.103333
  542.875732  542.618408  542.330261  542.010498  541.658813  541.275391
  540.860718  540.415771  539.941833
 xell  0.  1.45102036  2.90204072  4.3530612  5.80408144  7.25510168  8.7061224
  10.1571426  11.6081629  13.0591831  14.5102034  15.9612236  17.4122448
  18.8632641  20.3142853  21.7653046  23.2163258  24.667347  26.1183662
  27.5693874  29.0204067  30.4714279  31.9224472  33.3734665  34.8244896
  36.2755089  37.7265282  39.1775513  40.6285706  42.0795898  43.5306091
  44.9816322  46.4326515  47.8836708  49.3346939  50.7857132  52.2367325
  53.6877518  55.1387749  56.5897942  58.0408134  59.4918365  60.9428558
  62.3938751  63.8448944  65.2959137  66.746933  68.1979599  69.6489792
  71.0999985  72.5510178  74.002037  75.4530563  76.9040756  78.3551025
  79.8061218  81.2571411  82.7081604  84.1591797  85.610199  87.0612183
  88.5122452  89.9632645  91.4142838  92.865303  94.3163223  95.7673416
  97.2183609  98.6693878  100.120407  101.571426  103.022446  104.473465
  105.924484  107.375504  108.82653  110.27755  111.728569  113.179588
  114.630608  116.081627  117.532646  118.983673  120.434692  121.885712
  123.336731  124.78775  126.23877  127.689789  129.140808  130.591827
  132.042847  133.493866  134.944901  136.39592  137.846939  139.297958
  140.748978  142.199997
 yell  605.343262  606.144287  606.933228  607.710144  608.475159  609.228333
  609.969666  610.699219  611.417114  612.123291  612.817932  613.500977
  614.172485  614.83252  615.48114  616.118347  616.744263  617.358826
  617.962097  618.554077  619.134888  619.704529  620.263  620.810364
  621.346619  621.871826  622.385925  622.889038  623.381104  623.862244
  624.332397  624.791565  625.239868  625.677185  626.103638  626.519226
  626.923889  627.317688  627.700623  628.072693  628.433899  628.784302
  629.12384  629.452515  629.770386  630.077393  630.373535  630.658875
  630.93335  631.197021  631.449768  631.69165  631.922668  632.142822
  632.352051  632.550415  632.737793  632.914246  633.079773  633.234253
  633.377808  633.510315  633.631775  633.742188  633.841492  633.929688
  634.006775  634.072693  634.12738  634.170837  634.203064  634.223938
  634.233521  634.231689  634.218506  634.193787  634.157654  634.109924
  634.050598  633.979675  633.897034  633.802673  633.696533  633.578552
  633.448669  633.306763  633.152893  632.986938  632.808838  632.61853
  632.415894  632.200989  631.973572  631.733704  631.481201  631.216064
  630.938232  630.647522  630.343872
 Mirror  18 *  finished
